0 0.3409260541401274 0.17871093793103449 0.34363181687898087 0.17285156206896551 0.33551453025477707 0.15917968735632182 0.307104025477707 0.15039062528735633 0.29628097611464965 0.15039062528735633 0.28275216401273884 0.15820312528735633 0.2692233535031847 0.1484375 0.2570474219745223 0.16113281264367818 0.2570474219745223 0.17675781264367818 0.2692233535031847 0.18945312528735633 0.29492809554140126 0.19042968735632182 0.32875012420382166 0.1875 0.3409260541401274 0.17871093793103449
0 0.47891993471337585 0.3955078126436781 0.45997959872611466 0.3857421873563219 0.46268535987261145 0.3759765620689655 0.43021621178343944 0.3564453126436781 0.43021621178343944 0.3466796873563219 0.41262875636942675 0.3359375 0.38015960828025475 0.33789062528735636 0.36392503503184714 0.35351562528735636 0.3544548662420382 0.3544921873563219 0.3463375796178344 0.3740234379310345 0.33551453025477707 0.3779296873563219 0.32739724363057326 0.3916015620689655 0.40721723248407643 0.421875 0.4261575684713376 0.41992187471264364 0.4572738359872612 0.4267578126436781 0.4816256974522293 0.4111328126436781 0.47891993471337585 0.3955078126436781
0 0.23269556050955414 0.5048828126436782 0.22457827388535032 0.4970703126436781 0.22728403662420382 0.4912109379310345 0.24757725477707007 0.48632812528735636 0.2597531847133758 0.4697265620689655 0.23675420541401276 0.4609375 0.22322539331210192 0.46484374942528733 0.2218725127388535 0.4501953126436781 0.20699081847133755 0.43554687471264364 0.18534471974522293 0.43359374942528733 0.1664043837579618 0.4453125 0.15963997770700636 0.4423828126436781 0.16505150318471337 0.4326171873563219 0.15828709713375796 0.4296875 0.1312294729299363 0.43359374942528733 0.12446506687898089 0.4423828126436781 0.14340540445859873 0.4677734379310345 0.1271708296178344 0.4912109379310345 0.1298765923566879 0.4990234379310345 0.14069964171974522 0.5048828126436782 0.1325823550955414 0.5107421873563218 0.1325823550955414 0.5205078126436782 0.14475828503184712 0.5273437494252874 0.1745216703821656 0.5234375 0.2110494617834395 0.5263671873563218 0.23269556050955414 0.5146484379310345 0.23269556050955414 0.5048828126436782
0 0.4396863805732484 0.5917968747126438 0.4586267165605096 0.5839843747126436 0.465391122611465 0.5751953126436782 0.4586267165605096 0.5703125 0.4315690939490446 0.5703125 0.43021621178343944 0.5537109379310345 0.41262875636942675 0.5546875 0.39909994585987263 0.5449218747126436 0.3693365589171974 0.5625 0.35851350955414013 0.5449218747126436 0.32333860031847134 0.5449218747126436 0.31657419426751593 0.5537109379310345 0.33010300636942674 0.5771484379310345 0.32739724363057326 0.5947265620689655 0.33686741082802546 0.6015625 0.36257215286624206 0.6044921873563218 0.3882768964968153 0.5898437494252873 0.4396863805732484 0.5917968747126438
0 0.46133247929936305 0.7265625 0.48297857802547767 0.7148437494252873 0.4924487452229299 0.7080078126436782 0.4951545079617834 0.6904296873563218 0.47756705254777065 0.6679687494252873 0.45592095382165604 0.6640625 0.4315690939490446 0.6660156252873562 0.4180402818471337 0.6503906252873562 0.39368842038216556 0.671875 0.3855711337579618 0.6660156252873562 0.3666307977707007 0.6679687494252873 0.3598663917197452 0.6806640620689655 0.37204232165605094 0.6914062505747127 0.3923355398089172 0.6884765620689655 0.3842182515923567 0.7275390620689655 0.4018057070063694 0.7324218747126438 0.43021621178343944 0.7314453126436782 0.4396863805732484 0.7265625 0.46133247929936305 0.7265625
0 0.48568434076433126 0.6328125 0.46133247929936305 0.6269531252873562 0.4261575684713376 0.6035156252873562 0.39774706369426754 0.6162109379310345 0.3950413025477707 0.6240234379310345 0.41262875636942675 0.6445312505747127 0.4315690939490446 0.6445312505747127 0.46133247929936305 0.6640625 0.47891993471337585 0.6630859379310345 0.4924487452229299 0.6533203126436782 0.48568434076433126 0.6328125
0 0.23675420541401276 0.7109375 0.2556945414012739 0.7167968747126438 0.26787047133757963 0.7138671873563218 0.2705762340764331 0.6943359379310345 0.2556945414012739 0.6816406252873562 0.24216572929936303 0.6972656252873562 0.23134267993630572 0.6894531252873562 0.20834370063694269 0.6923828126436782 0.20563793789808918 0.7021484379310345 0.19210912579617834 0.7099609379310345 0.20834370063694269 0.7255859379310345 0.18128607643312103 0.7373046873563218 0.18128607643312103 0.7451171873563218 0.19481488853503184 0.7529296873563218 0.19616776910828027 0.765625 0.22998979936305733 0.7685546873563218 0.22998979936305733 0.7197265620689655 0.23675420541401276 0.7109375
0 0.2692233535031847 0.6503906252873562 0.2881636894904459 0.6503906252873562 0.2922223328025478 0.6298828126436782 0.27463487738853504 0.6230468747126438 0.23675420541401276 0.625 0.22998979936305733 0.6298828126436782 0.23269556050955414 0.6337890620689655 0.213755224522293 0.6416015620689655 0.20834370063694269 0.6533203126436782 0.21510810668789812 0.6582031252873562 0.24081284872611464 0.6591796873563218 0.26110606528662417 0.65625 0.2692233535031847 0.6503906252873562
0 0.33822029299363054 0.8837890620689655 0.32469148089171973 0.8740234379310345 0.33010300636942674 0.8662109379310345 0.3260443614649681 0.8613281252873562 0.2989867388535032 0.859375 0.28681080891719746 0.8662109379310345 0.3030453821656051 0.8779296873563218 0.28951657006369425 0.8974609379310345 0.3043982627388535 0.9101562505747127 0.31657419426751593 0.9091796873563218 0.33551453025477707 0.8974609379310345 0.33822029299363054 0.8837890620689655
0 0.46496815286624205 0.9080459770114943 0.46178343949044587 0.9356321839080459 0.4745222929936306 0.9471264367816092 0.4984076433121019 0.9448275862068966 0.5111464968152867 0.9344827586206896 0.5477707006369427 0.9218390804597701 0.5477707006369427 0.9149425287356322 0.5334394904458599 0.9 0.5477707006369427 0.8885057471264368 0.5207006369426752 0.8908045977011494 0.5 0.8839080459770114 0.49203821656050956 0.8839080459770114 0.4697452229299363 0.896551724137931 0.46496815286624205 0.9080459770114943
0 0.3996815286624204 0.7471264367816092 0.4028662420382166 0.7551724137931034 0.39490445859872614 0.7666666666666667 0.410828025477707 0.7839080459770115 0.3821656050955414 0.7988505747126436 0.40764331210191085 0.825287356321839 0.42197452229299365 0.828735632183908 0.4426751592356688 0.8206896551724138 0.45222929936305734 0.8379310344827586 0.4729299363057325 0.8425287356321839 0.482484076433121 0.8367816091954023 0.4888535031847134 0.8229885057471265 0.5063694267515924 0.8114942528735632 0.5015923566878981 0.7931034482758621 0.5286624203821656 0.7896551724137931 0.5573248407643312 0.7586206896551724 0.5557324840764332 0.7551724137931034 0.5334394904458599 0.7597701149425288 0.5127388535031847 0.7574712643678161 0.4984076433121019 0.7505747126436781 0.49203821656050956 0.7413793103448276 0.46178343949044587 0.7448275862068966 0.445859872611465 0.7333333333333333 0.43789808917197454 0.7333333333333333 0.42356687898089174 0.7459770114942529 0.3996815286624204 0.7471264367816092
0 0.3471337579617834 0.8045977011494253 0.3614649681528662 0.8137931034482758 0.3678343949044586 0.8298850574712644 0.37420382165605093 0.8344827586206897 0.3996815286624204 0.8333333333333334 0.3964968152866242 0.8126436781609195 0.37738853503184716 0.7942528735632184 0.37261146496815284 0.7965517241379311 0.3630573248407643 0.7908045977011494 0.35509554140127386 0.7908045977011494 0.3471337579617834 0.7942528735632184 0.3471337579617834 0.8045977011494253
0 0.5414012738853503 0.7781609195402299 0.5493630573248408 0.7873563218390804 0.5509554140127388 0.8080459770114943 0.5477707006369427 0.8103448275862069 0.5414012738853503 0.8022988505747126 0.5286624203821656 0.803448275862069 0.5254777070063694 0.8103448275862069 0.5445859872611465 0.8183908045977012 0.5557324840764332 0.8149425287356322 0.5605095541401274 0.8229885057471265 0.5812101910828026 0.8344827586206897 0.5796178343949044 0.8482758620689655 0.5668789808917197 0.8597701149425288 0.5493630573248408 0.860919540229885 0.5366242038216561 0.8505747126436781 0.5318471337579618 0.8505747126436781 0.5318471337579618 0.8574712643678161 0.552547770700637 0.8827586206896552 0.5605095541401274 0.8873563218390804 0.5732484076433121 0.8862068965517241 0.5764331210191083 0.9 0.5939490445859873 0.906896551724138 0.6146496815286624 0.9 0.6130573248407644 0.8885057471264368 0.6305732484076433 0.8827586206896552 0.6353503184713376 0.8655172413793103 0.6464968152866242 0.8528735632183908 0.6321656050955414 0.8402298850574713 0.6369426751592356 0.8241379310344827 0.6257961783439491 0.8057471264367816 0.6273885350318471 0.7839080459770115 0.6146496815286624 0.7770114942528735 0.5859872611464968 0.7793103448275862 0.5828025477707006 0.774712643678161 0.5939490445859873 0.764367816091954 0.589171974522293 0.7586206896551724 0.5828025477707006 0.7586206896551724 0.552547770700637 0.7655172413793103 0.5414012738853503 0.7781609195402299
0 0.3980891719745223 0.8850574712643678 0.3964968152866242 0.903448275862069 0.4156050955414013 0.906896551724138 0.4426751592356688 0.8873563218390804 0.4585987261146497 0.903448275862069 0.43789808917197454 0.9080459770114943 0.43789808917197454 0.9206896551724137 0.4538216560509554 0.9264367816091954 0.4601910828025478 0.9206896551724137 0.4601910828025478 0.9057471264367816 0.48089171974522293 0.8862068965517241 0.4856687898089172 0.8827586206896552 0.5127388535031847 0.8862068965517241 0.5143312101910829 0.8781609195402299 0.5 0.8597701149425288 0.4872611464968153 0.8620689655172413 0.47611464968152867 0.8724137931034482 0.46656050955414013 0.8724137931034482 0.4394904458598726 0.8632183908045977 0.42197452229299365 0.8494252873563218 0.41878980891719747 0.8494252873563218 0.4124203821656051 0.8724137931034482 0.3980891719745223 0.8850574712643678
0 0.6114649681528662 0.7057471264367816 0.6273885350318471 0.7310344827586207 0.6624203821656051 0.7402298850574712 0.6926751592356688 0.735632183908046 0.7038216560509554 0.7195402298850575 0.695859872611465 0.7068965517241379 0.6751592356687898 0.7068965517241379 0.6385350318471338 0.7183908045977011 0.6226114649681529 0.7137931034482758 0.64171974522293 0.6908045977011494 0.6353503184713376 0.674712643678161 0.6194267515923567 0.6701149425287356 0.6178343949044586 0.6701149425287356 0.6098726114649682 0.6770114942528735 0.6114649681528662 0.7057471264367816
0 0.1751592356687898 0.3563218390804598 0.15286624203821655 0.3620689655172414 0.15127388535031847 0.3735632183908046 0.16719745222929935 0.3873563218390805 0.1321656050955414 0.3954022988505747 0.15127388535031847 0.4068965517241379 0.14331210191082802 0.4149425287356322 0.1449044585987261 0.42298850574712643 0.16401273885350318 0.42873563218390803 0.21496815286624205 0.41839080459770117 0.2213375796178344 0.40804597701149425 0.2611464968152866 0.3781609195402299 0.2340764331210191 0.35517241379310344 0.22452229299363058 0.35517241379310344 0.20063694267515925 0.37126436781609196 0.1751592356687898 0.3563218390804598