0 0.7167598844696971 0.37207031276901004 0.6961337007575759 0.36816406241032995 0.7012902462121212 0.36035156241033 0.6883988806818182 0.35546875035868003 0.6729292443181818 0.35546875035868003 0.657459606060606 0.359375 0.6419899678030303 0.35546875035868003 0.6265203295454546 0.35546875035868003 0.6084724204545454 0.36035156241033 0.6084724204545454 0.36621093758967 0.6213637840909091 0.3710937503586801 0.6471465132575758 0.36914062482066 0.6445682405303029 0.37597656241032995 0.6523030606060606 0.3789062496413199 0.6755075170454546 0.37988281276901004 0.7167598844696971 0.37597656241032995 0.7167598844696971 0.37207031276901004
0 0.5562264261363636 0.3953606972740315 0.5680610303030302 0.38041887230989957 0.5593823200757575 0.37414330559540887 0.5333461893939394 0.38191305451936874 0.5151997954545454 0.37115494045911046 0.48837469128787875 0.372051449784792 0.4898718636363637 0.38153710114777617 0.5053415 0.39520897632711627 0.5130763200757575 0.3981386635581062 0.5633271893939394 0.4100036865136298 0.5806846098484848 0.40731415781922525 0.5562264261363636 0.3953606972740315
0 0.47969598106060607 0.41090019583931137 0.5009982708333334 0.40133742754662843 0.500973928030303 0.3913027259684361 0.4654944564393939 0.3837060738880918 0.4268347462121212 0.39326884218077474 0.3944868276515151 0.3971537166427547 0.39922066856060606 0.40611881133428984 0.45365985037878787 0.41090019583931137 0.45997164015151515 0.42733620373027265 0.4915305871212121 0.42584202080344336 0.47969598106060607 0.41090019583931137
0 0.3764278522727273 0.44042968723098996 0.34291030492424246 0.4414062496413199 0.3248623939393939 0.43652343758967005 0.34548857765151514 0.43066406241032995 0.34548857765151514 0.42480468723098996 0.33259721212121207 0.421875 0.2784534810606061 0.43261718723098996 0.2861882992424243 0.43945312482066 0.30165793750000003 0.43945312482066 0.3171275738636363 0.43554687517934 0.3093927556818182 0.44824218723098996 0.3248623939393939 0.44824218723098996 0.34291030492424246 0.44335937517934 0.3764278522727273 0.44042968723098996
0 0.7605905246212121 0.4140625 0.7837949810606061 0.40527343758967005 0.7837949810606061 0.40136718723098996 0.7528557045454546 0.39160156241032995 0.747699159090909 0.38378906241032995 0.7296512481060606 0.3789062496413199 0.7012902462121212 0.37988281276901004 0.7064467916666666 0.39941406241032995 0.6961337007575759 0.40722656241032995 0.6832423352272727 0.40820312482066 0.6703509696969697 0.41503906241032995 0.6780857897727273 0.41992187517934 0.7012902462121212 0.42089843758967005 0.7193381571969697 0.4140625 0.7605905246212121 0.4140625
0 0.5810592310606061 0.5277269024390244 0.5810592310606061 0.5243777740315638 0.5556437878787879 0.5170800093256814 0.5556437878787879 0.5092675093256814 0.5427524223484849 0.5043846965566714 0.5118131477272727 0.5004784469153515 0.509234875 0.5092675093256814 0.5153742746212121 0.5224639863701578 0.4825317954545455 0.5291622424677188 0.4863213125 0.5416018615494979 0.5368482026515151 0.5459078830703012 0.5532694412878788 0.5372958393113343 0.5747433693181818 0.5344251585365853 0.5810592310606061 0.5277269024390244
0 0.6497247878787878 0.53613281276901 0.6703509696969697 0.53027343758967 0.6703509696969697 0.52636718723099 0.6523030606060606 0.52148437517934 0.6290986022727273 0.52050781276901 0.613628965909091 0.51074218723099 0.6187855113636364 0.49902343758967005 0.6058941458333333 0.49414062482066 0.5955810549242424 0.49414062482066 0.5826896893939394 0.49707031276901004 0.5775331439393939 0.50097656241033 0.5826896893939394 0.50683593758967 0.5569069602272727 0.51464843758967 0.5569069602272727 0.51855468723099 0.5852679621212121 0.5234375 0.6110506931818183 0.5234375 0.6239420568181817 0.52832031276901 0.613628965909091 0.53613281276901 0.6290986022727273 0.54199218723099 0.6290986022727273 0.54589843758967 0.6368334223484848 0.54882812482066 0.6600378787878788 0.54785156241033 0.6651944242424241 0.54003906241033 0.6497247878787878 0.53613281276901
0 0.7064467916666666 0.49902343758967005 0.7064467916666666 0.48925781276901004 0.6987119734848485 0.48632812482066 0.6626161515151515 0.4882812496413199 0.6600378787878788 0.49707031276901004 0.6419899678030303 0.5 0.6290986022727273 0.50878906241033 0.6368334223484848 0.515625 0.6523030606060606 0.515625 0.667772696969697 0.5117187503586801 0.703868518939394 0.515625 0.7270729753787878 0.51464843758967 0.7322295227272727 0.50878906241033 0.7064467916666666 0.49902343758967005
0 0.6007376003787879 0.56054687517934 0.5930027821969698 0.55761718723099 0.5930027821969698 0.54785156241033 0.5801114166666667 0.5429687503586801 0.5594852329545454 0.5429687503586801 0.5517504147727273 0.54589843758967 0.5646417784090909 0.5625 0.5749548712121212 0.56445312482066 0.6007376003787879 0.5625 0.6110506931818183 0.56835937517934 0.6290986022727273 0.56933593758967 0.6342551496212122 0.56347656241033 0.6007376003787879 0.56054687517934
0 0.5697983257575758 0.609375 0.590424509469697 0.60742187517934 0.6033158731060606 0.60253906241033 0.6033158731060606 0.59082031276901 0.6187855113636364 0.58300781276901 0.6007376003787879 0.5820312496413199 0.5852679621212121 0.58789062482066 0.5646417784090909 0.5898437503586801 0.5569069602272727 0.58691406241033 0.5569069602272727 0.58105468723099 0.5491721420454546 0.58007812482066 0.5311242310606061 0.58886718723099 0.5311242310606061 0.59667968723099 0.47417316666666665 0.5779498027259684 0.45523779924242425 0.5833288593974175 0.48285187689393944 0.5967765021520803 0.5104659545454545 0.6114194913916786 0.5428138731060607 0.6099253084648493 0.5697983257575758 0.609375
0 0.5620635056818182 0.66699218723099 0.5620635056818182 0.65722656241033 0.5440155946969697 0.6523437503586801 0.5285459583333334 0.6523437503586801 0.5001849545454545 0.66894531276901 0.5001849545454545 0.67480468723099 0.5079197746212122 0.67773437517934 0.5285459583333334 0.67773437517934 0.5491721420454546 0.66992187517934 0.5465938674242424 0.67480468723099 0.5543286875 0.67773437517934 0.567220053030303 0.67675781276901 0.5723765984848486 0.67089843758967 0.5620635056818182 0.66699218723099
0 0.46408913257575757 0.69628906241033 0.5001849545454545 0.68652343758967 0.4924501363636363 0.6796875 0.46408913257575757 0.68066406241033 0.46924567992424243 0.67285156241033 0.45635431439393936 0.6679687503586801 0.44604122348484854 0.6679687503586801 0.43057158522727274 0.6757812496413199 0.4202584924242424 0.6757812496413199 0.3944757632575757 0.6875 0.36869303409090914 0.67773437517934 0.3532233958333333 0.67773437517934 0.34033203030303033 0.68261718723099 0.34033203030303033 0.68652343758967 0.3532233958333333 0.6914062496413199 0.3764278522727273 0.69238281276901 0.37900612499999997 0.70117187517934 0.3893192178030303 0.703125 0.4099454015151515 0.70117187517934 0.43057158522727274 0.7070312496413199 0.4486194962121212 0.70800781276901 0.46408913257575757 0.70410156241033 0.46408913257575757 0.69628906241033
0 0.7897405 0.71386718723099 0.7948970473484849 0.71191406241033 0.7897405 0.69824218723099 0.766536043560606 0.6953125 0.7562229526515151 0.68945312482066 0.7195439715909091 0.6783588687230989 0.6895629734848485 0.6822437431850789 0.6942968162878789 0.6924041843615495 0.7123923125 0.70996093758967 0.7201271306818182 0.71289062482066 0.7407533143939394 0.7109375 0.7510664053030303 0.71679687517934 0.7768491363636363 0.7148437503586801 0.7845839545454546 0.71777343758967 0.7639577708333334 0.72558593758967 0.7897405 0.72558593758967 0.8155232310606061 0.71972656241033 0.7897405 0.71386718723099
0 0.6909771553030303 0.81933593758967 0.7012902462121212 0.8154296872309901 0.6858206079545454 0.80566406241033 0.703868518939394 0.8027343751793401 0.7116033371212122 0.79785156241033 0.6987119734848485 0.79296875035868 0.6883988806818182 0.79296875035868 0.667772696969697 0.8027343751793401 0.657459606060606 0.796875 0.6419899678030303 0.7949218751793401 0.613628965909091 0.81152343758967 0.613628965909091 0.81933593758967 0.6213637840909091 0.8222656248206599 0.6523030606060606 0.8222656248206599 0.667772696969697 0.83203124964132 0.6858206079545454 0.8310546872309901 0.6961337007575759 0.82714843758967 0.6909771553030303 0.81933593758967
0 0.4486194962121212 0.85058593758967 0.46408913257575757 0.84472656241033 0.4744022253787879 0.8330078127690099 0.4950284090909091 0.8251953127690099 0.48213704356060605 0.8222656248206599 0.46151085984848483 0.82421875035868 0.43057158522727274 0.80859375035868 0.41510194696969693 0.80859375035868 0.3970540359848485 0.81347656241033 0.39189749053030304 0.8173828127690099 0.3970540359848485 0.8232421872309901 0.3815843977272727 0.82714843758967 0.3764278522727273 0.83691406241033 0.3815843977272727 0.8466796872309901 0.3712713068181818 0.8486328127690099 0.3712713068181818 0.85253906241033 0.43057158522727274 0.85546875035868 0.43314985795454547 0.8642578127690099 0.4408846761363636 0.8671875 0.46924567992424243 0.86816406241033 0.4744022253787879 0.86035156241033 0.4486194962121212 0.85058593758967
0 0.28876657196969696 0.8623046872309901 0.2965013901515151 0.859375 0.34291030492424246 0.86328124964132 0.3558016685606061 0.85839843758967 0.3558016685606061 0.8544921872309901 0.34806685037878793 0.8515625 0.33259721212121207 0.8515625 0.32228412121212124 0.8457031248206599 0.2990796628787879 0.8408203127690099 0.2913448446969697 0.8339843751793401 0.2810317537878788 0.8339843751793401 0.26814038825757575 0.83691406241033 0.2732969337121212 0.85253906241033 0.25009247727272726 0.85546875035868 0.2423576590909091 0.86035156241033 0.2552490227272727 0.87109375035868 0.3042362102272727 0.8720703127690099 0.3042362102272727 0.86621093758967 0.28876657196969696 0.8623046872309901
0 0.3197058484848485 0.92285156241033 0.3197058484848485 0.9111328127690099 0.33775375757575754 0.91015624964132 0.3506451231060606 0.9013671872309901 0.3764278522727273 0.8955078127690099 0.3764278522727273 0.89160156241033 0.3532233958333333 0.8847656248206599 0.34033203030303033 0.8876953127690099 0.34033203030303033 0.89941406241033 0.33259721212121207 0.9003906248206599 0.3300189393939394 0.89160156241033 0.3197058484848485 0.8876953127690099 0.3197058484848485 0.8779296872309901 0.31197102840909086 0.875 0.2861882992424243 0.875 0.2707186609848485 0.88671875035868 0.23462283901515152 0.8847656248206599 0.22688802083333334 0.8876953127690099 0.22688802083333334 0.8935546872309901 0.2552490227272727 0.8984375 0.2810317537878788 0.9121093751793401 0.3093927556818182 0.91503906241033 0.30165793750000003 0.91796875035868 0.2861882992424243 0.91796875035868 0.2732969337121212 0.9248046872309901 0.2810317537878788 0.9316406248206599 0.2990796628787879 0.9326171872309901 0.3093927556818182 0.93066406241033 0.3197058484848485 0.92285156241033
0 0.4950284090909091 0.9638671872309901 0.5027632272727273 0.9609375 0.5697983257575758 0.9628906248206599 0.5826896893939394 0.9580078127690099 0.5826896893939394 0.9501953127690099 0.5646417784090909 0.9453125 0.541437321969697 0.94628906241033 0.541437321969697 0.9404296872309901 0.5620635056818182 0.93652343758967 0.5491721420454546 0.9277343751793401 0.5311242310606061 0.92871093758967 0.5233894109848485 0.9394531248206599 0.4924501363636363 0.9375 0.4847153181818182 0.9345703127690099 0.4898718636363637 0.92871093758967 0.4666674071969697 0.9199218751793401 0.44604122348484854 0.91796875035868 0.4279933125 0.92285156241033 0.42283676515151514 0.93066406241033 0.4589325871212121 0.94433593758967 0.45119776893939395 0.9511718751793401 0.42283676515151514 0.9560546872309901 0.42283676515151514 0.96777343758967 0.44604122348484854 0.9746093751793401 0.47182395265151517 0.97265624964132 0.4795587708333333 0.98339843758967 0.4872935909090909 0.9863281248206599 0.5053415 0.98535156241033 0.5208111382575757 0.9736328127690099 0.4950284090909091 0.9638671872309901
0 0.46924567992424243 0.89160156241033 0.45119776893939395 0.88671875035868 0.43572813068181815 0.88671875035868 0.4254150397727273 0.890625 0.3996323087121212 0.8886718751793401 0.39189749053030304 0.89160156241033 0.39189749053030304 0.89746093758967 0.3996323087121212 0.9003906248206599 0.4202584924242424 0.8984375 0.4418252462121212 0.9153362180774748 0.4654944564393939 0.9141408715925394 0.46924567992424243 0.89746093758967 0.46924567992424243 0.89160156241033
0 0.42604577272727273 0.9777930473457676 0.3712713068181818 0.95410156241033 0.3764278522727273 0.9423828127690099 0.3635364886363637 0.9375 0.33775375757575754 0.9375 0.3197058484848485 0.94628906241033 0.3093927556818182 0.96191406241033 0.3197058484848485 0.9736328127690099 0.3506451231060606 0.9814453127690099 0.3532233958333333 0.98828124964132 0.3712713068181818 0.9892578127690099 0.42446782575757575 0.9864593063127689 0.42604577272727273 0.9777930473457676
0 0.6445682405303029 0.9501953127690099 0.6368334223484848 0.9472656248206599 0.6084724204545454 0.94628906241033 0.6342551496212122 0.93847656241033 0.6342551496212122 0.93066406241033 0.6213637840909091 0.9277343751793401 0.5852679621212121 0.9277343751793401 0.5775331439393939 0.93066406241033 0.5775331439393939 0.93652343758967 0.5981593276515151 0.9423828127690099 0.5981593276515151 0.9501953127690099 0.5878462348484849 0.95410156241033 0.6265203295454546 0.9609375 0.6394116950757576 0.95996093758967 0.6497247878787878 0.95410156241033 0.6445682405303029 0.9501953127690099
0 0.6477473693181818 0.9272896779053085 0.6524812121212121 0.9210141111908178 0.6414355814393939 0.9099571606886657 0.6651944242424241 0.8932558507890962 0.6651944242424241 0.8854433507890962 0.6755075170454546 0.8834902259684362 0.6729292443181818 0.8766542883787662 0.657459606060606 0.8766542883787662 0.6497247878787878 0.8834902259684362 0.6368334223484848 0.8864199131994261 0.6213637840909091 0.8864199131994261 0.6110506931818183 0.8805605387374462 0.6033158731060606 0.8815371011477762 0.613628965909091 0.8971621011477762 0.5801114166666667 0.8981386635581061 0.5723765984848486 0.9010683507890962 0.5723765984848486 0.9069277259684362 0.5801114166666667 0.9098574131994261 0.6033158731060606 0.9088808507890962 0.624867134469697 0.9246001492109039 0.6477473693181818 0.9272896779053085
0 0.747699159090909 0.9345703127690099 0.7605905246212121 0.9355468751793401 0.7734818901515151 0.93066406241033 0.7734818901515151 0.9248046872309901 0.7528557045454546 0.9169921872309901 0.7528557045454546 0.9091796872309901 0.7451208863636364 0.90625 0.7348077954545454 0.90625 0.7193381571969697 0.9160156248206599 0.6858206079545454 0.91503906241033 0.6858206079545454 0.92089843758967 0.7167598844696971 0.9326171872309901 0.7116033371212122 0.9345703127690099 0.7167598844696971 0.9423828127690099 0.7244947026515152 0.9453125 0.7373860681818183 0.94433593758967 0.7528557045454546 0.93847656241033 0.747699159090909 0.9345703127690099
0 0.819890803030303 0.9169921872309901 0.8534083503787878 0.9121093751793401 0.8714562613636363 0.9033203127690099 0.8714562613636363 0.89941406241033 0.8637214431818182 0.8964843751793401 0.843095259469697 0.8964843751793401 0.8302038939393939 0.89160156241033 0.8405169867424243 0.8798828127690099 0.8327821666666666 0.8769531248206599 0.8173125303030303 0.8769531248206599 0.8095777102272727 0.8798828127690099 0.8095777102272727 0.8857421872309901 0.7966863465909091 0.890625 0.770903615530303 0.8886718751793401 0.7580122518939394 0.8935546872309901 0.7786384356060606 0.90722656241033 0.7992646193181818 0.91308593758967 0.794108071969697 0.91503906241033 0.7992646193181818 0.92089843758967 0.8327821666666666 0.93359375035868 0.8456735321969697 0.9326171872309901 0.8508300776515151 0.9267578127690099 0.819890803030303 0.9169921872309901
0 0.7322295227272727 0.8720703127690099 0.7141816117424242 0.8671875 0.7012902462121212 0.8720703127690099 0.7012902462121212 0.8779296872309901 0.6909771553030303 0.88378906241033 0.6987119734848485 0.8886718751793401 0.7322295227272727 0.8876953127690099 0.7528557045454546 0.88378906241033 0.7322295227272727 0.8720703127690099
0 0.8347341268939394 0.84570731205165 0.8335711401515151 0.8378906248206599 0.8232580492424243 0.8359375 0.7923187727272727 0.8378906248206599 0.7768491363636363 0.8339843751793401 0.7639577708333334 0.8388671872309901 0.7639577708333334 0.84277343758967 0.7845839545454546 0.85058593758967 0.7923187727272727 0.859375 0.8232580492424243 0.8574218751793401 0.8335711401515151 0.8535156248206599 0.8410459147727273 0.8606491370157819 0.8655040984848484 0.8612468098995696 0.8718158882575757 0.8540747338593975 0.8939071496212121 0.8463049849354376 0.8804945984848485 0.8424201104734578 0.8347341268939394 0.84570731205165
0 0.6780857897727273 0.86328124964132 0.6909771553030303 0.8564453127690099 0.6832423352272727 0.8515625 0.6471465132575758 0.8535156248206599 0.6368334223484848 0.84375 0.6007376003787879 0.8417968751793401 0.5826896893939394 0.8544921872309901 0.5826896893939394 0.8642578127690099 0.590424509469697 0.8671875 0.6084724204545454 0.86621093758967 0.6213637840909091 0.859375 0.6780857897727273 0.86328124964132
0 0.6729292443181818 0.9316406248206599 0.6626161515151515 0.9316406248206599 0.6497247878787878 0.93652343758967 0.6497247878787878 0.9404296872309901 0.6626161515151515 0.9453125 0.6806640625 0.94433593758967 0.6909771553030303 0.93847656241033 0.6729292443181818 0.9316406248206599
0 0.4589325871212121 0.64746093758967 0.46408913257575757 0.64355468723099 0.4589325871212121 0.62402343758967 0.46924567992424243 0.61621093758967 0.4099454015151515 0.59375 0.3893192178030303 0.59375 0.3815843977272727 0.60644531276901 0.36611476136363635 0.61425781276901 0.35837994128787876 0.6171875 0.3274406666666667 0.61914062482066 0.3248623939393939 0.62597656241033 0.34806685037878793 0.63085937517934 0.3738495795454545 0.64257812482066 0.4047888560606061 0.64257812482066 0.4073671287878788 0.64550781276901 0.39189749053030304 0.64941406241033 0.39189749053030304 0.65722656241033 0.3996323087121212 0.6601562496413199 0.41252367424242425 0.65917968723099 0.4408846761363636 0.6484375 0.4589325871212121 0.64746093758967
0 0.43314985795454547 0.49707031276901004 0.4202584924242424 0.49414062482066 0.4047888560606061 0.4960937503586801 0.36869303409090914 0.49414062482066 0.34291030492424246 0.5039062496413199 0.2990796628787879 0.50878906241033 0.3042362102272727 0.51660156241033 0.3171275738636363 0.5195312496413199 0.33775375757575754 0.51757812482066 0.35837994128787876 0.52148437517934 0.41252367424242425 0.52246093758967 0.4589325871212121 0.51855468723099 0.43314985795454547 0.49707031276901004
0 0.7090250643939394 0.33203124964131997 0.6832423352272727 0.3359375 0.6626161515151515 0.33007812482065996 0.6419899678030303 0.33007812482065996 0.6265203295454546 0.3359375 0.6239420568181817 0.33105468723098996 0.6110506931818183 0.32617187517934004 0.6033158731060606 0.32714843758967 0.6033158731060606 0.33496093758967 0.6523030606060606 0.34765624964131997 0.657459606060606 0.34570312482065996 0.7219164299242424 0.34667968723098996 0.7270729753787878 0.33886718723098996 0.7090250643939394 0.33203124964131997
0 0.4176802196969697 0.30566406241033 0.43572813068181815 0.30273437517934004 0.4537760416666667 0.29394531276901004 0.4537760416666667 0.28808593758967 0.43057158522727274 0.28710937517934004 0.37900612499999997 0.27734375035868003 0.33775375757575754 0.28710937517934004 0.3274406666666667 0.29296875035868003 0.3042362102272727 0.29589843758967 0.3042362102272727 0.30175781276901004 0.3171275738636363 0.30273437517934004 0.33775375757575754 0.3125 0.3815843977272727 0.31347656241033 0.4099454015151515 0.3125 0.4176802196969697 0.30566406241033
0 0.2990796628787879 0.40722656241032995 0.3042362102272727 0.39746093758967005 0.3274406666666667 0.39257812482066 0.33517548484848486 0.38964843758967005 0.33259721212121207 0.3867187503586801 0.2861882992424243 0.390625 0.2707186609848485 0.40039062482066 0.23462283901515152 0.40429687517934 0.22173147537878787 0.40917968723098996 0.2243097481060606 0.4140625 0.26814038825757575 0.41894531276901004 0.26814038825757575 0.41308593758967005 0.2990796628787879 0.40722656241032995
0 0.8869258996212122 0.38964843758967005 0.8972389924242424 0.38183593758967005 0.8895041723484849 0.37695312482066 0.8482518049242425 0.36914062482066 0.8224690757575758 0.3710937503586801 0.7966863465909091 0.36523437517934004 0.7837949810606061 0.36621093758967 0.7889515265151514 0.37792968723098996 0.8095777102272727 0.38183593758967005 0.8095777102272727 0.39160156241032995 0.8224690757575758 0.3984375 0.8817693541666667 0.39746093758967005 0.8972389924242424 0.39355468723098996 0.8869258996212122 0.38964843758967005
0 0.3522727272727273 0.7374461979913917 0.35795454545454547 0.7374461979913917 0.36553030303030304 0.7281205164992827 0.3541666666666667 0.7281205164992827 0.3465909090909091 0.7317073170731707 0.3522727272727273 0.7374461979913917