0 0.6292209347536618 0.328125 0.6357616924101198 0.32324218787276343 0.630529086551265 0.31347656262425444 0.6331453901464714 0.30761718787276343 0.6449187536617843 0.3046875 0.6540758162450067 0.29394531212723657 0.6370698442077231 0.287109374751491 0.6266046311584554 0.294921874751491 0.6187557217043941 0.294921874751491 0.5952089920106525 0.271484374751491 0.5768948695073236 0.2734375 0.5703541118508655 0.28027343737574556 0.5664296564580559 0.298828125248509 0.5507318362183755 0.296875 0.5298014101198402 0.302734374751491 0.5258769560585886 0.30761718787276343 0.535034017310253 0.318359374751491 0.5468073821571239 0.32128906262425444 0.541574774966711 0.33105468787276343 0.548115533954727 0.3359375 0.5625052010652463 0.33691406262425444 0.5821274753661784 0.326171874751491 0.6292209347536618 0.328125
0 0.7848909786950732 0.26855468787276343 0.7744257656458056 0.26464843737574556 0.7770420692410119 0.25488281212723657 0.7626524007989347 0.25 0.750879035952064 0.27441406262425444 0.7600360972037283 0.279296874751491 0.7691931584553927 0.27832031212723657 0.7809665233022637 0.275390625248509 0.7848909786950732 0.26855468787276343
0 0.7548034913448736 0.20898437475149106 0.744338278295606 0.21289062524850894 0.7338730652463382 0.20507812524850894 0.7234078521970706 0.20507812524850894 0.7116344873501997 0.21386718787276343 0.7090181837549934 0.22167968787276343 0.7207915486018641 0.2304687495029821 0.745646430093209 0.22949218787276343 0.7587279467376832 0.2197265626242545 0.7548034913448736 0.20898437475149106
0 0.7299486098535287 0.5361328121272365 0.7377975206391478 0.5302734373757455 0.7220997003994674 0.5205078121272365 0.7404138229027963 0.5205078121272365 0.7404138229027963 0.5048828121272365 0.7338730652463382 0.501953125248509 0.7207915486018641 0.5078125 0.7103263355525965 0.5039062504970179 0.7050937296937417 0.505859374751491 0.6854714540612515 0.5283203121272365 0.6907040612516645 0.5439453121272365 0.7077100319573901 0.5546875 0.7220997003994674 0.5556640626242545 0.7351812170439413 0.5498046878727635 0.7299486098535287 0.5361328121272365
0 0.732564913448735 0.49121093737574556 0.7377975206391478 0.48339843737574556 0.7626524007989347 0.478515625248509 0.7665768561917443 0.46582031212723657 0.7521871877496671 0.458984374751491 0.712942639147803 0.46484374950298213 0.7090181837549934 0.45605468787276343 0.6972448189081225 0.451171874751491 0.6854714540612515 0.45996093737574556 0.6867796058588549 0.46484374950298213 0.6710817869507323 0.455078125248509 0.6580002703062583 0.45703125049701787 0.656692118508655 0.46777343737574556 0.6776225446071904 0.47753906262425444 0.6802388482023968 0.49316406262425444 0.6867796058588549 0.498046874751491 0.7050937296937417 0.498046874751491 0.712942639147803 0.5078125 0.7220997003994674 0.5087890626242545 0.7351812170439413 0.5009765626242545 0.732564913448735 0.49121093737574556
0 0.5912845379494008 0.5068359373757455 0.5847437789613849 0.5039062504970179 0.5716622623169108 0.505859374751491 0.5533481398135819 0.5 0.5441910785619174 0.5146484373757455 0.5507318362183755 0.519531250497018 0.5638133528628495 0.519531250497018 0.5742785659121172 0.5332031252485089 0.5886682343541945 0.5322265626242545 0.6017497496671105 0.5205078121272365 0.5912845379494008 0.5068359373757455
0 0.432998190412783 0.5546875 0.44738785752330223 0.5498046878727635 0.45000416111850866 0.5419921878727635 0.43430634087882825 0.5361328121272365 0.439538948069241 0.5263671878727635 0.4120677643142477 0.515625 0.39636994407456727 0.519531250497018 0.37282321438082555 0.5136718747514911 0.36366615312916106 0.5205078121272365 0.37151506258322237 0.5322265626242545 0.37151506258322237 0.5419921878727635 0.39898624766977364 0.558593749502982 0.40552700532623165 0.5576171878727635 0.41468406657789614 0.5527343747514911 0.432998190412783 0.5546875
0 0.3296542103861518 0.6083984373757455 0.33750312117177095 0.6005859373757455 0.3335786657789614 0.5878906252485089 0.2969504207723036 0.5800781252485089 0.2904096617842876 0.5830078121272365 0.28517705592543274 0.5927734373757455 0.28779335818908125 0.5986328121272365 0.28125260053262313 0.6015625 0.2655547816245007 0.6035156252485089 0.25247326498002665 0.5957031252485089 0.242008051930759 0.5957031252485089 0.23546729427430094 0.6005859373757455 0.23546729427430094 0.6064453121272365 0.24854880958721703 0.6162109373757455 0.24331620372836218 0.6279296878727635 0.24985696138482022 0.6328125 0.2629384780292943 0.6328125 0.2707873874833555 0.625 0.2891015099866844 0.6269531252485089 0.29956672303595205 0.6328125 0.3113400878828229 0.6318359373757455 0.3322705139813582 0.6123046878727635 0.3296542103861518 0.6083984373757455
0 0.5454992303595206 0.6972656252485089 0.5520399880159786 0.6865234373757455 0.5651215046604527 0.6826171878727635 0.5572725952063915 0.6708984373757455 0.5873600825565912 0.660156250497018 0.5886682343541945 0.6513671878727635 0.5638133528628495 0.6425781252485089 0.5428829267643143 0.644531250497018 0.5376503209054594 0.6484375 0.5114872876165113 0.6464843747514911 0.5049465299600533 0.6572265626242545 0.5075628335552597 0.6650390626242545 0.4944813169107857 0.6748046878727635 0.5101791358189081 0.6767578121272365 0.5049465299600533 0.6923828121272365 0.5180280452729694 0.6982421878727635 0.5245688042609853 0.6933593747514911 0.5454992303595206 0.6972656252485089
0 0.5245688042609853 0.7597656252485089 0.5454992303595206 0.765625 0.5664296564580559 0.777343749502982 0.5834356271637816 0.7666015626242545 0.5834356271637816 0.7587890626242545 0.5716622623169108 0.746093749502982 0.5167198948069242 0.7324218747514911 0.4657019813581891 0.7529296878727635 0.4630856777629827 0.7626953121272365 0.46701013182423434 0.7675781252485089 0.47747534487350196 0.7675781252485089 0.48794055792276964 0.777343749502982 0.5154117430093209 0.7783203121272365 0.5180280452729694 0.7646484373757455 0.5245688042609853 0.7597656252485089
0 0.06671573368841545 0.6328125 0.08110540079893476 0.6220703121272365 0.07064018774966711 0.6103515626242545 0.08895431158455393 0.6025390626242545 0.09418691744340879 0.5830078121272365 0.09026246205059921 0.574218749502982 0.07718094673768308 0.574218749502982 0.07064018774966711 0.5791015626242545 0.0549423688415446 0.5947265626242545 0.057558671105193075 0.6025390626242545 0.05363421704394141 0.605468749502982 0.03793639680426099 0.6035156252485089 0.024854881491344873 0.6074218747514911 0.020930426098535286 0.6162109373757455 0.007848909454061252 0.6259765626242545 0.0170059707057257 0.6386718747514911 0.03924454860186418 0.6376953121272365 0.04840160985352863 0.6328125 0.06671573368841545 0.6328125
0 0.39244548868175766 0.9873046878727635 0.4107596125166445 0.9775390626242545 0.40421885352862846 0.96875 0.3675906085219707 0.9609375 0.35189278828229026 0.964843749502982 0.34142757523302264 0.9765625 0.3361949693741678 0.9707031252485089 0.3165726950732357 0.9716796878727635 0.3152645432756325 1 0.38459657922769636 0.9990234373757455 0.39506179227696403 0.9951171878727635 0.39244548868175766 0.9873046878727635
0 0.36351531291611183 0.7982107355864811 0.37283621837549935 0.8081510934393639 0.3954727030625832 0.8151093439363817 0.43009320905459386 0.8439363817097415 0.440745672436751 0.8469184890656064 0.4580559254327563 0.8439363817097415 0.46604527296937415 0.8339960238568589 0.4633821571238349 0.8240556660039762 0.4394141145139814 0.8180914512922465 0.43142476697736354 0.8091451292246521 0.40878828229027964 0.8031809145129225 0.40612516644474034 0.790258449304175 0.38615179760319573 0.7793240556660039 0.3781624500665779 0.7793240556660039 0.3648468708388815 0.790258449304175 0.36351531291611183 0.7982107355864811
0 0.5645805592543276 0.38071570576540753 0.5446071904127829 0.39065606361829025 0.5539280958721704 0.4025844930417495 0.5539280958721704 0.4125248508946322 0.5406125166444741 0.40556660039761433 0.5286284953395473 0.40556660039761433 0.5206391478029294 0.4095427435387674 0.5206391478029294 0.415506958250497 0.5392809587217043 0.4194831013916501 0.5605858854860186 0.41848906560636184 0.563249001331558 0.43339960238568587 0.5832223701731025 0.4383697813121272 0.5912117177097204 0.4383697813121272 0.6031957390146472 0.4284294234592445 0.6271637816245007 0.43339960238568587 0.6418109187749668 0.43141153081510936 0.6471371504660453 0.41749502982107356 0.640479360852197 0.4085487077534791 0.6391478029294274 0.39065606361829025 0.62982689747004 0.38469184890656066 0.6231691078561917 0.38866799204771374 0.6058588548601864 0.38866799204771374 0.5752330226364847 0.3667992047713718 0.5712383488681758 0.3667992047713718 0.563249001331558 0.3727634194831014 0.5645805592543276 0.38071570576540753
0 0.6338215712383488 0.37375745526838966 0.6218375499334221 0.38966202783300197 0.644474034620506 0.3856858846918489 0.6671105193075899 0.39065606361829025 0.6790945406125166 0.38866799204771374 0.6844207723035952 0.3836978131212724 0.6830892143808256 0.37475149105367794 0.6537949400798935 0.352882703777336 0.6391478029294274 0.3508946322067594 0.6324900133155792 0.3429423459244533 0.6284953395472703 0.3429423459244533 0.625832223701731 0.3489065606361829 0.6338215712383488 0.37375745526838966
0 0.6364846870838882 0.5238568588469185 0.6165113182423435 0.5308151093439364 0.611185086551265 0.5397614314115308 0.5938748335552596 0.5506958250497018 0.5832223701731025 0.5546719681908548 0.5725699067909454 0.5536779324055666 0.5672436750998668 0.5556660039761432 0.5605858854860186 0.5606361829025845 0.5619174434087882 0.5695825049701789 0.5712383488681758 0.5745526838966203 0.5845539280958721 0.5755467196819085 0.5938748335552596 0.5725646123260437 0.6284953395472703 0.5795228628230616 0.6458055925432756 0.5785288270377733 0.6631158455392809 0.5596421471172962 0.6697736351531292 0.5606361829025845 0.6790945406125166 0.5705765407554672 0.6884154460719041 0.5695825049701789 0.7017310252996005 0.5606361829025845 0.7003994673768309 0.5497017892644135 0.6910785619174434 0.5427435387673957 0.681757656458056 0.5278330019880716 0.6657789613848203 0.5218687872763419 0.6631158455392809 0.5218687872763419 0.6498002663115846 0.5268389662027833 0.6364846870838882 0.5238568588469185