0 0.21534807824726138 0.359375 0.23790835367762128 0.3408203122205663 0.21534807824726138 0.33398437481371085 0.19483873708920188 0.33398437481371085 0.17843126447574334 0.33789062518628915 0.17227846322378718 0.34472656259314455 0.17638033020344288 0.35253906259314455 0.1640747261345853 0.36035156259314455 0.17022752895148668 0.36328125037257825 0.18458406729264476 0.3623046877794337 0.19073686854460095 0.359375 0.21534807824726138 0.359375
0 0.37942280438184667 0.3925781251862891 0.4040340125195618 0.3984375 0.41839055086071986 0.3916015625931446 0.4224924194053208 0.3857421877794337 0.3978812112676056 0.3798828122205663 0.41018681533646323 0.37597656259314455 0.3958302769953052 0.36523437481371085 0.3835246729264476 0.36328125037257825 0.3732700015649452 0.3720703122205663 0.3568625289514867 0.37597656259314455 0.35276066040688575 0.3837890625931446 0.32404758372456965 0.3935546877794337 0.33020038654147105 0.4003906251862891 0.3445569248826291 0.4013671877794337 0.35891346322378714 0.4003906251862891 0.37942280438184667 0.3925781251862891
0 0.2297046165884194 0.4091796877794337 0.22355181377151798 0.40625 0.20714434115805944 0.40625 0.20509340845070423 0.4033203122205663 0.22560274804381847 0.3935546877794337 0.22560274804381847 0.3876953122205663 0.2173990125195618 0.3857421877794337 0.22150087949921754 0.3779296877794337 0.20714434115805944 0.37109374962742175 0.1743293959311424 0.36523437481371085 0.17227846322378718 0.3701171877794337 0.18048219874804383 0.3798828122205663 0.1558709890453834 0.3818359374068554 0.1517691220657277 0.3857421877794337 0.15997285758998436 0.3935546877794337 0.14356538497652582 0.3994140625931446 0.14356538497652582 0.4052734374068554 0.1989406056338028 0.40625 0.19688967136150234 0.4130859374068554 0.20714434115805944 0.4160156251862891 0.2173990125195618 0.4150390625931446 0.2276536823161189 0.4140625 0.2297046165884194 0.4091796877794337
0 0.11895417683881064 0.4248046877794337 0.12305604381846635 0.4150390625931446 0.11690324256651018 0.4121093748137109 0.10049576995305164 0.4121093748137109 0.09434296713615023 0.4150390625931446 0.10254670422535211 0.4248046877794337 0.09434296713615023 0.4326171877794337 0.10664857276995304 0.4365234374068554 0.12715791236306728 0.4306640625931446 0.11895417683881064 0.4248046877794337
0 0.3814737386541471 0.4521484374068554 0.3814737386541471 0.4482421877794337 0.3978812112676056 0.4443359374068554 0.3978812112676056 0.4384765625931446 0.35891346322378714 0.4394531251862891 0.3568625289514867 0.4306640625931446 0.33430225508607203 0.4277343748137109 0.3281494522691706 0.4326171877794337 0.33635318935837244 0.4384765625931446 0.32404758372456965 0.4443359374068554 0.3178947824726135 0.453125 0.30148730985915495 0.453125 0.2953345070422535 0.4560546877794337 0.2953345070422535 0.4619140625931446 0.30148730985915495 0.4648437496274217 0.32199664945226913 0.4648437496274217 0.3384041220657277 0.4570312503725783 0.35891346322378714 0.4589843748137109 0.3753209358372457 0.4667968748137109 0.38557560563380283 0.4658203122205663 0.3937793427230047 0.4580078122205663 0.3814737386541471 0.4521484374068554
0 0.5496503317683881 0.4443359374068554 0.5332428607198748 0.4384765625931446 0.5229881893583724 0.4277343748137109 0.5106825852895148 0.4375 0.4922241784037559 0.4404296877794337 0.49427511267605634 0.4453125 0.506580716744914 0.4472656251862891 0.5188863208137715 0.4453125 0.53529379342723 0.4511718748137109 0.5414465962441315 0.4501953122205663 0.5496503317683881 0.4482421877794337 0.5496503317683881 0.4443359374068554
0 0.5660578059467919 0.3896484374068554 0.5599050031298904 0.3867187496274217 0.5434975305164319 0.3867187496274217 0.5291409921752739 0.3935546877794337 0.5311919264475744 0.3964843748137109 0.5414465962441315 0.3955078122205663 0.5599050031298904 0.3945312503725783 0.5660578059467919 0.3896484374068554
0 0.4901732441314554 0.34570312518628915 0.4799185743348983 0.3486328122205663 0.47581670579029733 0.3544921877794337 0.4860713755868544 0.359375 0.4922241784037559 0.35839843740685545 0.49632604694835686 0.3486328122205663 0.4901732441314554 0.34570312518628915
0 0.502478848200313 0.36328125037257825 0.4860713755868544 0.36132812518628915 0.47171483724569635 0.36816406259314455 0.4778676400625978 0.375 0.5168353865414711 0.37597656259314455 0.5045297824726134 0.3701171877794337 0.502478848200313 0.36328125037257825
0 0.18048219874804383 0.5068359374068554 0.19073686854460095 0.5039062503725783 0.20099153990610327 0.5068359374068554 0.20099153990610327 0.5126953122205663 0.21534807824726138 0.5175781251862891 0.2297046165884194 0.5107421877794337 0.23380648513302035 0.5009765625931446 0.22150087949921754 0.4912109374068554 0.2297046165884194 0.4814453122205663 0.2194499467918623 0.4765625 0.1743293959311424 0.4804687496274217 0.17227846322378718 0.4892578122205663 0.1517691220657277 0.4951171877794337 0.15997285758998436 0.5087890625931446 0.14766725352112675 0.5126953122205663 0.14766725352112675 0.5185546877794337 0.16817659467918622 0.5185546877794337 0.17638033020344288 0.5166015625931446 0.18048219874804383 0.5068359374068554
0 0.4676129702660407 0.5439453122205663 0.47581670579029733 0.5361328122205663 0.47376577151799687 0.5273437496274217 0.44095082629107984 0.5253906251862891 0.4245433536776213 0.53125 0.40813588106416276 0.5175781251862891 0.3958302769953052 0.515625 0.38557560563380283 0.5185546877794337 0.3814737386541471 0.5263671877794337 0.3937793427230047 0.5322265625931446 0.3978812112676056 0.5458984374068554 0.41018681533646323 0.5498046877794337 0.4122377496087637 0.5566406251862891 0.41839055086071986 0.5556640625931446 0.4142886838810642 0.5498046877794337 0.4224924194053208 0.5458984374068554 0.4224924194053208 0.5400390625931446 0.4142886838810642 0.5380859374068554 0.4163396181533647 0.5332031251862891 0.4430017605633803 0.5458984374068554 0.4491545633802817 0.5546875 0.47171483724569635 0.5556640625931446 0.4881223098591549 0.5517578122205663 0.4676129702660407 0.5439453122205663
0 0.5783634100156495 0.5791015625931446 0.5783634100156495 0.5732421877794337 0.5722106071987481 0.5703125 0.5434975305164319 0.5722656251862891 0.53529379342723 0.5683593748137109 0.5188863208137715 0.5683593748137109 0.5086316510172144 0.5732421877794337 0.5086316510172144 0.5771484374068554 0.525039123630673 0.5849609374068554 0.5270900579029734 0.5898437496274217 0.5496503317683881 0.5908203122205663 0.5660578059467919 0.5869140625931446 0.5783634100156495 0.5791015625931446
0 0.3178947824726135 0.640625 0.32199664945226913 0.6425781251862891 0.3404550563380282 0.6337890625931446 0.33635318935837244 0.6259765625931446 0.35891346322378714 0.6230468748137109 0.3691681345852895 0.6181640625931446 0.3691681345852895 0.6142578122205663 0.3445569248826291 0.6064453122205663 0.34865879342723005 0.5927734374068554 0.3425059906103286 0.5898437496274217 0.3178947824726135 0.5957031251862891 0.3076401111111111 0.6005859374068554 0.3055891768388106 0.6074218748137109 0.2809779687010955 0.6074218748137109 0.26457049608763694 0.5996093748137109 0.23995928638497652 0.5996093748137109 0.22560274804381847 0.6103515625931446 0.2317555508607199 0.6152343748137109 0.2912326384976526 0.6298828122205663 0.27072329890453833 0.6416015625931446 0.27482516588419403 0.6474609374068554 0.2809779687010955 0.6503906251862891 0.3076401111111111 0.6494140625931446 0.31174197965571204 0.6435546877794337 0.3178947824726135 0.640625
0 0.2994363755868545 0.6962890625931446 0.3055891768388106 0.6933593748137109 0.32199664945226913 0.6933593748137109 0.3322513208137715 0.6884765625931446 0.3322513208137715 0.6787109374068554 0.3178947824726135 0.6699218748137109 0.3055891768388106 0.6699218748137109 0.29328357276995304 0.6777343748137109 0.25636675899843503 0.671875 0.24611208920187794 0.6787109374068554 0.24611208920187794 0.6826171877794337 0.25841769327073555 0.6884765625931446 0.25021395774647887 0.7001953122205663 0.2809779687010955 0.7070312503725783 0.2912326384976526 0.7060546877794337 0.3035382441314554 0.7021484374068554 0.2994363755868545 0.6962890625931446
0 0.49632604694835686 0.7001953122205663 0.4922241784037559 0.6943359374068554 0.46146016744913926 0.6835937496274217 0.45120549608763694 0.6865234374068554 0.4450526948356807 0.6972656251862891 0.4286452222222222 0.6953125 0.4142886838810642 0.7001953122205663 0.4142886838810642 0.7080078122205663 0.4286452222222222 0.7148437496274217 0.44095082629107984 0.7148437496274217 0.4491545633802817 0.7109375 0.45120549608763694 0.7216796877794337 0.4573582989045384 0.7246093748137109 0.47581670579029733 0.7236328122205663 0.4922241784037559 0.7158203122205663 0.49632604694835686 0.7001953122205663
0 0.5496503317683881 0.7236328122205663 0.5660578059467919 0.7158203122205663 0.5701596729264475 0.7080078122205663 0.5517012660406886 0.7011718748137109 0.5270900579029734 0.703125 0.5209372550860719 0.7001953122205663 0.5229881893583724 0.6914062503725783 0.502478848200313 0.6933593748137109 0.5004279154929577 0.7158203122205663 0.5311919264475744 0.7207031251862891 0.5291409921752739 0.7236328122205663 0.5414465962441315 0.7333984374068554 0.553752200312989 0.7333984374068554 0.55785406885759 0.7294921877794337 0.5496503317683881 0.7236328122205663
0 0.3076401111111111 0.7822265625931446 0.29328357276995304 0.7753906251862892 0.28302890297339595 0.7783203122205664 0.27482516588419403 0.7880859374068554 0.242010220657277 0.7998046877794336 0.24816302347417843 0.8066406251862892 0.28302890297339595 0.8076171877794336 0.31584384820031297 0.7978515625931446 0.3076401111111111 0.7822265625931446
0 0.2173990125195618 0.8994140625931446 0.2276536823161189 0.8945312503725782 0.23995928638497652 0.9003906251862892 0.24611208920187794 0.8974609374068554 0.242010220657277 0.8837890625931446 0.2297046165884194 0.8798828122205664 0.2297046165884194 0.8720703122205664 0.21534807824726138 0.8652343748137108 0.20304247417840376 0.8671875 0.19688967136150234 0.8720703122205664 0.16426445696400627 0.8715423733233978 0.1576645461658842 0.8813192906110282 0.19278780281690142 0.8935546877794336 0.18458406729264476 0.8994140625931446 0.19073686854460095 0.9082031251862892 0.20509340845070423 0.9072265625931446 0.22150087949921754 0.9033203122205664 0.2173990125195618 0.8994140625931446
0 0.3466078591549296 0.875 0.3178947824726135 0.875 0.3055891768388106 0.8691406251862892 0.29328357276995304 0.8691406251862892 0.27277423161189357 0.8789062503725782 0.25636675899843503 0.8710937496274218 0.24816302347417843 0.8710937496274218 0.23790835367762128 0.8779296877794336 0.24406115492957745 0.8847656251862892 0.29699600469483567 0.9005239508196722 0.32486229577464787 0.901920652757079 0.3445569248826291 0.8896484374068554 0.35276066040688575 0.8779296877794336 0.3466078591549296 0.875
0 0.5701596729264475 0.8193359374068554 0.5742615414710485 0.8115234374068554 0.5599050031298904 0.8027343748137108 0.5475993990610328 0.8027343748137108 0.539395661971831 0.8066406251862892 0.5188863208137715 0.8046875 0.5086316510172144 0.8095703122205664 0.5209372550860719 0.8212890625931446 0.5168353865414711 0.8271484374068554 0.525039123630673 0.8271484374068554 0.5434975305164319 0.8183593748137108 0.5701596729264475 0.8193359374068554
0 0.6829610469483568 0.8339843748137108 0.6932157183098592 0.8291015625931446 0.6870629154929577 0.8222656251862892 0.664502641627543 0.8212890625931446 0.664502641627543 0.8115234374068554 0.6542479702660408 0.8066406251862892 0.6337386291079812 0.8007812503725782 0.6091274209702661 0.8027343748137108 0.5927199483568075 0.8144531251862892 0.576312475743349 0.8144531251862892 0.5701596729264475 0.8173828122205664 0.5701596729264475 0.8251953122205664 0.5845162112676057 0.8320312503725782 0.5968218169014085 0.8320312503725782 0.6009236838810641 0.8398437496274218 0.6255348935837245 0.8378906251862892 0.6337386291079812 0.8417968748137108 0.6439933004694837 0.8408203122205664 0.6583498388106416 0.8359375 0.6829610469483568 0.8339843748137108
0 0.3507097276995305 0.9902343748137108 0.37942280438184667 0.9921875 0.38762653990610324 0.9863281251862892 0.40813588106416276 0.9882812503725782 0.41018681533646323 0.9775390625931446 0.4040340125195618 0.9746093748137108 0.3917284084507042 0.9765625 0.3814737386541471 0.9736328122205664 0.37737187010954615 0.9658203122205664 0.38557560563380283 0.9638671877794336 0.3835246729264476 0.9550781251862892 0.3630153317683881 0.9550781251862892 0.35891346322378714 0.9609375 0.3384041220657277 0.9628906251862892 0.3404550563380282 0.9560546877794336 0.3322513208137715 0.9462890625931446 0.31379291392801256 0.9433593748137108 0.3035382441314554 0.9482421877794336 0.3035382441314554 0.9521484374068554 0.32404758372456965 0.9638671877794336 0.297385441314554 0.9648437496274218 0.2912326384976526 0.9716796877794336 0.30148730985915495 0.9765625 0.31584384820031297 0.9775390625931446 0.31584384820031297 0.9833984374068554 0.3035382441314554 0.9892578122205664 0.3076401111111111 0.9990234374068554 0.3322513208137715 0.9990234374068554 0.33635318935837244 0.9931640625931446 0.3507097276995305 0.9902343748137108
0 0.27482516588419403 0.8385180119225037 0.27482516588419403 0.8326586371087928 0.28302890297339595 0.8287523867362147 0.2617964773082942 0.8205627309985097 0.23686348043818464 0.8366248099850969 0.24786333176838812 0.8464017280178837 0.22439698122065727 0.8519885380029806 0.22953024569640063 0.8575753479880776 0.25592989045383413 0.8593212265275708 0.25519656651017214 0.871891549180328 0.2698630359937402 0.8732882511177348 0.28302890297339595 0.8502367615499254 0.27482516588419403 0.8385180119225037
0 0.3630153317683881 0.36328125037257825 0.37942280438184667 0.36132812518628915 0.38557560563380283 0.34472656259314455 0.35891346322378714 0.33398437481371085 0.3425059906103286 0.3359375 0.33430225508607203 0.33203125037257825 0.32199664945226913 0.33203125037257825 0.31584384820031297 0.3408203122205663 0.32404758372456965 0.3466796877794337 0.29328357276995304 0.34960937481371085 0.28302890297339595 0.3564453122205663 0.2891817042253521 0.36523437481371085 0.31584384820031297 0.3642578122205663 0.33430225508607203 0.35351562518628915 0.3630153317683881 0.36328125037257825
0 0.3404550563380282 0.5341796877794337 0.32609851799687006 0.5253906251862891 0.297385441314554 0.5195312503725783 0.2953345070422535 0.5263671877794337 0.31174197965571204 0.5341796877794337 0.31584384820031297 0.5419921877794337 0.3055891768388106 0.5390625 0.2850798372456964 0.5390625 0.278927034428795 0.5458984374068554 0.2953345070422535 0.5537109374068554 0.2953345070422535 0.5576171877794337 0.3055891768388106 0.5625 0.31174197965571204 0.5615234374068554 0.3404550563380282 0.5458984374068554 0.3404550563380282 0.5341796877794337
0 0.3753209358372457 0.8359375 0.38557560563380283 0.8310546877794336 0.38557560563380283 0.8271484374068554 0.3650662660406886 0.8193359374068554 0.3691681345852895 0.8134765625931446 0.3548115946791862 0.8085937496274218 0.33430225508607203 0.8085937496274218 0.32609851799687006 0.8144531251862892 0.3055891768388106 0.8105468748137108 0.2912326384976526 0.8173828122205664 0.2953345070422535 0.8232421877794336 0.3035382441314554 0.8251953122205664 0.2994363755868545 0.8310546877794336 0.3035382441314554 0.8388671877794336 0.31379291392801256 0.8417968748137108 0.32404758372456965 0.8408203122205664 0.3425059906103286 0.8359375 0.3753209358372457 0.8359375
0 0.6050255524256651 0.9804687496274218 0.5681087386541471 0.984375 0.5558031345852895 0.9746093748137108 0.5414465962441315 0.9755859374068554 0.5414465962441315 0.9814453122205664 0.5517012660406886 0.9882812503725782 0.5640068716744914 0.9882812503725782 0.5845162112676057 0.9941406251862892 0.6029746181533646 0.9931640625931446 0.6152802222222222 0.9873046877794336 0.6050255524256651 0.9804687496274218
0 0.3076401111111111 0.2998046877794337 0.3035382441314554 0.28808593740685545 0.2891817042253521 0.28320312518628915 0.2809779687010955 0.28320312518628915 0.26867236463223787 0.2890625 0.2317555508607199 0.28320312518628915 0.21329714397496088 0.29003906259314455 0.2112462097026604 0.29492187481371085 0.1989406056338028 0.29492187481371085 0.18458406729264476 0.2998046877794337 0.18458406729264476 0.3076171877794337 0.1989406056338028 0.3125 0.2276536823161189 0.31640625037257825 0.23585741940532085 0.3203125 0.27482516588419403 0.31933593740685545 0.2953345070422535 0.31152343740685545 0.3076401111111111 0.2998046877794337
0 0.3958302769953052 0.30273437481371085 0.4245433536776213 0.3046875 0.4388998920187793 0.29785156259314455 0.4122377496087637 0.29101562518628915 0.37942280438184667 0.29101562518628915 0.3650662660406886 0.29785156259314455 0.36096439749608766 0.3076171877794337 0.37121906729264476 0.3125 0.3814737386541471 0.31152343740685545 0.38967747417840376 0.3095703122205663 0.3958302769953052 0.30273437481371085
0 0.5311919264475744 0.5488281251862891 0.5168353865414711 0.5517578122205663 0.5229881893583724 0.5585937496274217 0.5373447276995305 0.5576171877794337 0.5414465962441315 0.5537109374068554 0.5311919264475744 0.5488281251862891