0 0.5543778588850174 0.3046875 0.5747427595818816 0.2919921872180451 0.5747427595818816 0.2783203127819549 0.5272246567944251 0.27148437518797 0.5136480557491289 0.27539062481203 0.4864948554006968 0.2734375 0.47291825435540075 0.27539062481203 0.47065548780487804 0.2861328127819549 0.48423208885017427 0.2939453127819549 0.48423208885017427 0.3017578127819549 0.4910203885017422 0.30664062481203 0.5023342229965158 0.30566406240601507 0.5136480557491289 0.30273437518797 0.5543778588850174 0.3046875
0 0.6109470278745646 0.3544921872180451 0.5905821271777004 0.34960937518797 0.5815310592334495 0.34179687518797 0.5589033919860626 0.34179687518797 0.5543778588850174 0.34765624962406017 0.5340129581881533 0.3486328127819549 0.5294874233449477 0.36621093759398493 0.536275724738676 0.36914062481203 0.5589033919860626 0.36914062481203 0.5815310592334495 0.37890624962406017 0.592844893728223 0.3779296872180451 0.6064214947735191 0.37402343759398493 0.6109470278745646 0.3544921872180451
0 0.678830031358885 0.37402343759398493 0.6697789634146342 0.36621093759398493 0.678830031358885 0.35839843759398493 0.64941406271777 0.34960937518797 0.6426257630662021 0.36035156240601507 0.629049162020906 0.36816406240601507 0.6335746951219512 0.3779296872180451 0.629049162020906 0.3857421872180451 0.6358374616724739 0.390625 0.678830031358885 0.391601562406015 0.6833555644599304 0.389648437593985 0.678830031358885 0.37402343759398493
0 0.6064214947735191 0.3935546872180451 0.6041587264808362 0.3886718751879699 0.5770055261324042 0.390625 0.5611661585365854 0.4013671872180451 0.5634289250871081 0.40625 0.5883193588850174 0.405273437593985 0.5883193588850174 0.399414062406015 0.6064214947735191 0.3935546872180451
0 0.4276629198606272 0.515625 0.44576505400696864 0.515625 0.4525533536585366 0.5126953127819549 0.4502905871080139 0.5078125 0.4344512195121951 0.508789062406015 0.43897675261324043 0.493164062406015 0.4321884529616725 0.4882812496240601 0.41408631881533103 0.4863281248120301 0.39598418466898955 0.4902343751879699 0.3801448170731707 0.4892578127819549 0.3891958850174216 0.5029296872180451 0.37109374912891985 0.508789062406015 0.37109374912891985 0.514648437593985 0.3778820505226481 0.5175781248120301 0.3937214181184669 0.516601562406015 0.4095607857142857 0.5097656248120301 0.4276629198606272 0.515625
0 0.5023342229965158 0.5205078127819549 0.5294874233449477 0.506835937593985 0.5249618902439024 0.499023437593985 0.5136480557491289 0.4960937503759399 0.4910203885017422 0.4980468751879699 0.4593416533101045 0.4921875 0.44802782055749135 0.4970703127819549 0.44802782055749135 0.5029296872180451 0.47065548780487804 0.5126953127819549 0.4751810209059233 0.5263671872180451 0.4864948554006968 0.53125 0.506859756097561 0.530273437593985 0.5159108222996516 0.524414062406015 0.5023342229965158 0.5205078127819549
0 0.2692692456445993 0.5683593751879699 0.2873713797909408 0.5683593751879699 0.2941596794425087 0.5654296872180451 0.300947980836237 0.54296875037594 0.2828458466898955 0.5410156248120301 0.2760575452961673 0.5498046872180451 0.2534298780487805 0.555664062406015 0.2579554111498258 0.5654296872180451 0.23759051045296165 0.56640624962406 0.22627667595818815 0.571289062406015 0.2330649773519164 0.5761718751879699 0.2534298780487805 0.5751953127819549 0.26474371254355406 0.57421875037594 0.2692692456445993 0.5683593751879699
0 0.37109374912891985 0.571289062406015 0.3620426829268293 0.555664062406015 0.3416777822299652 0.5566406248120301 0.3235756480836237 0.5488281248120301 0.3099990470383275 0.55078124962406 0.30321074738675957 0.5595703127819549 0.3099990470383275 0.5644531248120301 0.3235756480836237 0.5644531248120301 0.32583841463414637 0.5673828127819549 0.3099990470383275 0.5683593751879699 0.298685212543554 0.5751953127819549 0.3099990470383275 0.5800781248120301 0.3507288484320557 0.5761718751879699 0.35977991637630663 0.5839843751879699 0.37561928397212546 0.5830078127819549 0.3801448170731707 0.5751953127819549 0.37109374912891985 0.571289062406015
0 0.4932831550522648 0.5908203127819549 0.47744378745644594 0.5859375 0.46386718815331013 0.5878906248120301 0.4525533536585366 0.592773437593985 0.4502905871080139 0.6015625 0.4276629198606272 0.5917968751879699 0.4186118519163763 0.58984375037594 0.4095607857142857 0.5917968751879699 0.4027724843205575 0.5986328127819549 0.4254001533101045 0.6044921872180451 0.42087461846689894 0.6142578127819549 0.44576505400696864 0.62109375037594 0.4616044216027875 0.6201171872180451 0.4887576219512195 0.6123046872180451 0.4932831550522648 0.5908203127819549
0 0.4027724843205575 0.6513671872180451 0.4027724843205575 0.647460937593985 0.3778820505226481 0.640625 0.35977991637630663 0.640625 0.34620331533101045 0.6484375 0.3190501149825784 0.6484375 0.3122618135888502 0.6513671872180451 0.3122618135888502 0.6591796872180451 0.3235756480836237 0.6640625 0.3484660818815331 0.663085937593985 0.3869331167247387 0.6582031248120301 0.4027724843205575 0.6513671872180451
0 0.23985327700348433 0.7607421872180451 0.21043731010452962 0.7578125 0.1945979425087108 0.7685546872180451 0.20591177526132404 0.7734375 0.22175114285714287 0.772460937593985 0.23532774390243902 0.7685546872180451 0.23985327700348433 0.7607421872180451
0 0.3519163763066202 0.29097744360902256 0.3397212543554007 0.2894736842105263 0.3327526132404181 0.29022556390977444 0.32752613240418116 0.2932330827067669 0.32926829268292684 0.29699248120300753 0.34494773519163763 0.29699248120300753 0.35365853658536583 0.3022556390977444 0.3519163763066202 0.30451127819548873 0.3362369337979094 0.3097744360902256 0.33797909407665505 0.3142857142857143 0.343205574912892 0.3165413533834586 0.36585365853658536 0.3165413533834586 0.36585365853658536 0.324812030075188 0.35365853658536583 0.32781954887218046 0.34494773519163763 0.32781954887218046 0.33797909407665505 0.33458646616541354 0.34146341463414637 0.3368421052631579 0.35714285714285715 0.3360902255639098 0.3710801393728223 0.3300751879699248 0.3710801393728223 0.3255639097744361 0.3780487804878049 0.3225563909774436 0.3885017421602787 0.324812030075188 0.39372822299651566 0.3293233082706767 0.39372822299651566 0.33533834586466166 0.4076655052264808 0.337593984962406 0.4163763066202091 0.3360902255639098 0.41986062717770034 0.3308270676691729 0.41986062717770034 0.32857142857142857 0.4076655052264808 0.318796992481203 0.4076655052264808 0.3142857142857143 0.4163763066202091 0.3067669172932331 0.42334494773519166 0.30451127819548873 0.4250871080139373 0.3015037593984962 0.4372822299651568 0.2954887218045113 0.4372822299651568 0.29097744360902256 0.43205574912891986 0.2879699248120301 0.42334494773519166 0.2864661654135338 0.4024390243902439 0.2879699248120301 0.3832752613240418 0.2857142857142857 0.37282229965156793 0.2857142857142857 0.3606271777003484 0.29022556390977444 0.3519163763066202 0.29097744360902256
0 0.26306620209059234 0.412781954887218 0.24738675958188153 0.4180451127819549 0.2456445993031359 0.42330827067669174 0.25435540069686413 0.4293233082706767 0.25435540069686413 0.4345864661654135 0.259581881533101 0.43759398496240604 0.2682926829268293 0.43759398496240604 0.2735191637630662 0.43909774436090226 0.28222996515679444 0.4473684210526316 0.31010452961672474 0.4481203007518797 0.31881533101045295 0.44586466165413535 0.32926829268292684 0.43533834586466164 0.3310104529616725 0.4270676691729323 0.32578397212543553 0.42406015037593986 0.32926829268292684 0.418796992481203 0.32578397212543553 0.418796992481203 0.3205574912891986 0.41654135338345866 0.32229965156794427 0.4105263157894737 0.32578397212543553 0.4075187969924812 0.31881533101045295 0.4075187969924812 0.313588850174216 0.40977443609022557 0.30662020905923343 0.4105263157894737 0.29965156794425085 0.4075187969924812 0.2926829268292683 0.4075187969924812 0.28397212543554007 0.4052631578947368 0.27526132404181186 0.4052631578947368 0.2700348432055749 0.4067669172932331 0.26306620209059234 0.412781954887218
0 0.27177700348432055 0.3609022556390977 0.2682926829268293 0.36466165413533835 0.2700348432055749 0.3669172932330827 0.2682926829268293 0.37293233082706767 0.27177700348432055 0.375187969924812 0.28222996515679444 0.3744360902255639 0.2857142857142857 0.37593984962406013 0.2857142857142857 0.3804511278195489 0.2804878048780488 0.38421052631578945 0.27526132404181186 0.38421052631578945 0.2682926829268293 0.3827067669172932 0.259581881533101 0.3827067669172932 0.25435540069686413 0.38646616541353385 0.25435540069686413 0.3924812030075188 0.2665505226480836 0.3962406015037594 0.2804878048780488 0.39473684210526316 0.30313588850174217 0.3894736842105263 0.30662020905923343 0.3894736842105263 0.31010452961672474 0.3879699248120301 0.3170731707317073 0.3879699248120301 0.3205574912891986 0.38646616541353385 0.3205574912891986 0.38421052631578945 0.32752613240418116 0.3804511278195489 0.32752613240418116 0.3736842105263158 0.3240418118466899 0.3676691729323308 0.32229965156794427 0.3669172932330827 0.30662020905923343 0.3676691729323308 0.30313588850174217 0.3661654135338346 0.30139372822299654 0.3609022556390977 0.29442508710801396 0.3593984962406015 0.2848432055749129 0.3593984962406015 0.27526132404181186 0.3593984962406015 0.27177700348432055 0.3609022556390977
0 0.3797909407665505 0.3609022556390977 0.38153310104529614 0.36165413533834584 0.3832752613240418 0.3744360902255639 0.37630662020905925 0.37894736842105264 0.37630662020905925 0.3819548872180451 0.3797909407665505 0.38421052631578945 0.3867595818815331 0.3849624060150376 0.397212543554007 0.38421052631578945 0.40418118466898956 0.37894736842105264 0.4146341463414634 0.37669172932330824 0.4250871080139373 0.37669172932330824 0.4250871080139373 0.37218045112781956 0.4268292682926829 0.37142857142857144 0.42857142857142855 0.3736842105263158 0.4425087108013937 0.3736842105263158 0.4547038327526132 0.37142857142857144 0.45818815331010454 0.36917293233082704 0.45818815331010454 0.362406015037594 0.4547038327526132 0.3601503759398496 0.43902439024390244 0.3593984962406015 0.43031358885017423 0.36390977443609024 0.42857142857142855 0.3669172932330827 0.42334494773519166 0.3684210526315789 0.41986062717770034 0.3661654135338346 0.4181184668989547 0.3609022556390977 0.4146341463414634 0.3586466165413534 0.40418118466898956 0.35639097744360904 0.39547038327526135 0.35639097744360904 0.3832752613240418 0.3586466165413534 0.3797909407665505 0.3609022556390977
0 0.2874564459930314 0.3308270676691729 0.2770034843205575 0.33458646616541354 0.2665505226480836 0.3406015037593985 0.259581881533101 0.34135338345864663 0.25435540069686413 0.3443609022556391 0.23867595818815332 0.3451127819548872 0.23693379790940766 0.35037593984962406 0.2421602787456446 0.3526315789473684 0.26306620209059234 0.3533834586466165 0.2665505226480836 0.3511278195488722 0.2682926829268293 0.34661654135338343 0.2857142857142857 0.34135338345864663 0.29442508710801396 0.34285714285714286 0.30313588850174217 0.34285714285714286 0.313588850174216 0.3458646616541353 0.32578397212543553 0.3458646616541353 0.3310104529616725 0.3443609022556391 0.3327526132404181 0.34210526315789475 0.3310104529616725 0.3383458646616541 0.32578397212543553 0.3360902255639098 0.3153310104529617 0.3368421052631579 0.3118466898954704 0.33533834586466166 0.3083623693379791 0.3308270676691729 0.3118466898954704 0.3255639097744361 0.3048780487804878 0.3225563909774436 0.29442508710801396 0.3225563909774436 0.2874564459930314 0.3255639097744361 0.2874564459930314 0.3308270676691729
0 0.5365853658536586 0.33458646616541354 0.5278745644599303 0.3300751879699248 0.5139372822299652 0.3300751879699248 0.5087108013937283 0.3330827067669173 0.5104529616724739 0.337593984962406 0.5156794425087108 0.3398496240601504 0.5313588850174216 0.3398496240601504 0.5435540069686411 0.337593984962406 0.5592334494773519 0.3443609022556391 0.5609756097560976 0.343609022556391 0.5679442508710801 0.3443609022556391 0.6097560975609756 0.343609022556391 0.6132404181184669 0.34210526315789475 0.6114982578397212 0.337593984962406 0.6010452961672473 0.3300751879699248 0.5975609756097561 0.324812030075188 0.5714285714285714 0.32030075187969925 0.5662020905923345 0.32030075187969925 0.5592334494773519 0.324812030075188 0.5365853658536586 0.33458646616541354
0 0.47735191637630664 0.43909774436090226 0.4651567944250871 0.4421052631578947 0.47038327526132406 0.45413533834586467 0.47560975609756095 0.456390977443609 0.4808362369337979 0.46466165413533833 0.48606271777003485 0.46691729323308273 0.5052264808362369 0.46842105263157896 0.5104529616724739 0.46466165413533833 0.5174216027874564 0.462406015037594 0.5331010452961672 0.4616541353383459 0.5435540069686411 0.45939849624060153 0.5487804878048781 0.46015037593984964 0.5627177700348432 0.45714285714285713 0.5644599303135889 0.4488721804511278 0.578397212543554 0.4443609022556391 0.5766550522648084 0.43759398496240604 0.5696864111498258 0.4330827067669173 0.5505226480836237 0.4323308270676692 0.5435540069686411 0.4330827067669173 0.5365853658536586 0.43609022556390975 0.5313588850174216 0.4345864661654135 0.5139372822299652 0.43609022556390975 0.5 0.4338345864661654 0.4965156794425087 0.43157894736842106 0.4930313588850174 0.43157894736842106 0.48257839721254353 0.43909774436090226 0.47735191637630664 0.43909774436090226
0 0.5888501742160279 0.4293233082706767 0.5801393728222997 0.43533834586466164 0.578397212543554 0.4421052631578947 0.5801393728222997 0.44285714285714284 0.5801393728222997 0.44511278195488724 0.5836236933797909 0.4473684210526316 0.5905923344947736 0.4481203007518797 0.5940766550522648 0.4496240601503759 0.6097560975609756 0.45037593984962404 0.6114982578397212 0.44661654135338347 0.6045296167247387 0.4398496240601504 0.6045296167247387 0.43834586466165415 0.6184668989547039 0.42857142857142855 0.6184668989547039 0.424812030075188 0.6149825783972126 0.42330827067669174 0.6097560975609756 0.42255639097744363 0.6045296167247387 0.42030075187969923 0.6045296167247387 0.418796992481203 0.6027874564459931 0.4180451127819549 0.5993031358885017 0.4180451127819549 0.5923344947735192 0.42030075187969923 0.5888501742160279 0.4293233082706767
0 0.4895470383275261 0.543609022556391 0.48606271777003485 0.5428571428571428 0.48257839721254353 0.543609022556391 0.47560975609756095 0.5406015037593985 0.4738675958188153 0.5383458646616541 0.4634146341463415 0.5390977443609023 0.4616724738675958 0.5451127819548872 0.46689895470383275 0.5481203007518797 0.47038327526132406 0.5556390977443609 0.47909407665505227 0.5548872180451128 0.5034843205574913 0.5578947368421052 0.5121951219512195 0.5571428571428572 0.5174216027874564 0.5601503759398496 0.5331010452961672 0.5609022556390978 0.5400696864111498 0.5571428571428572 0.5557491289198606 0.556390977443609 0.5662020905923345 0.5541353383458647 0.5766550522648084 0.5481203007518797 0.573170731707317 0.5451127819548872 0.5644599303135889 0.5421052631578948 0.5487804878048781 0.5428571428571428 0.5435540069686411 0.5398496240601504 0.5365853658536586 0.5398496240601504 0.5331010452961672 0.5368421052631579 0.5278745644599303 0.5353383458646617 0.5139372822299652 0.5353383458646617 0.5034843205574913 0.5375939849624061 0.4895470383275261 0.543609022556391
0 0.5662020905923345 0.6075187969924812 0.5435540069686411 0.6142857142857143 0.5331010452961672 0.6075187969924812 0.5174216027874564 0.6075187969924812 0.5121951219512195 0.6105263157894737 0.5104529616724739 0.6210526315789474 0.5052264808362369 0.6233082706766917 0.49477351916376305 0.6248120300751879 0.4965156794425087 0.630827067669173 0.5017421602787456 0.6323308270676692 0.5156794425087108 0.631578947368421 0.5209059233449478 0.6293233082706767 0.5365853658536586 0.630827067669173 0.5574912891986062 0.6360902255639098 0.5644599303135889 0.6458646616541354 0.578397212543554 0.6458646616541354 0.5853658536585366 0.6443609022556391 0.5905923344947736 0.6398496240601503 0.5871080139372822 0.6345864661654136 0.5888501742160279 0.6300751879699248 0.5958188153310104 0.6255639097744361 0.6097560975609756 0.6233082706766917 0.6149825783972126 0.618796992481203 0.6097560975609756 0.6150375939849624 0.5940766550522648 0.6135338345864662 0.5905923344947736 0.6120300751879699 0.5888501742160279 0.6105263157894737 0.5940766550522648 0.6030075187969924 0.5888501742160279 0.6022556390977444 0.5871080139372822 0.6015037593984962 0.5749128919860628 0.6030075187969924 0.5662020905923345 0.6075187969924812
0 0.4564459930313589 0.6593984962406015 0.44076655052264807 0.6616541353383458 0.4337979094076655 0.6654135338345865 0.4372822299651568 0.6721804511278195 0.4564459930313589 0.675187969924812 0.4686411149825784 0.6842105263157895 0.4878048780487805 0.6849624060150376 0.5052264808362369 0.6766917293233082 0.5087108013937283 0.6781954887218045 0.5209059233449478 0.6759398496240602 0.524390243902439 0.6774436090225564 0.5365853658536586 0.6774436090225564 0.5487804878048781 0.6819548872180451 0.5574912891986062 0.681203007518797 0.573170731707317 0.6766917293233082 0.5766550522648084 0.6736842105263158 0.5749128919860628 0.6699248120300751 0.5696864111498258 0.6669172932330827 0.5557491289198606 0.6646616541353384 0.554006968641115 0.656390977443609 0.5470383275261324 0.6526315789473685 0.5331010452961672 0.6511278195488722 0.5261324041811847 0.6533834586466165 0.5034843205574913 0.6541353383458647 0.4965156794425087 0.6511278195488722 0.49477351916376305 0.6511278195488722 0.4686411149825784 0.6541353383458647 0.4564459930313589 0.6593984962406015
0 0.289198606271777 0.7045112781954888 0.2700348432055749 0.7052631578947368 0.26480836236933797 0.706766917293233 0.26480836236933797 0.7120300751879699 0.2700348432055749 0.7165413533834587 0.3083623693379791 0.718796992481203 0.3397212543554007 0.7225563909774436 0.3501742160278746 0.7195488721804512 0.35714285714285715 0.7120300751879699 0.3797909407665505 0.7045112781954888 0.38501742160278746 0.7015037593984963 0.38501742160278746 0.6932330827067669 0.3780487804878049 0.6909774436090226 0.3641114982578397 0.6917293233082706 0.3554006968641115 0.6947368421052632 0.34843205574912894 0.6947368421052632 0.3344947735191638 0.6917293233082706 0.3240418118466899 0.6947368421052632 0.3153310104529617 0.6947368421052632 0.3083623693379791 0.6962406015037594 0.30139372822299654 0.6947368421052632 0.2979094076655052 0.6909774436090226 0.2926829268292683 0.6909774436090226 0.289198606271777 0.6917293233082706 0.289198606271777 0.7045112781954888
0 0.5383275261324042 0.7436090225563909 0.5418118466898955 0.7443609022556391 0.5487804878048781 0.7511278195488722 0.5696864111498258 0.7601503759398496 0.5749128919860628 0.7616541353383459 0.5766550522648084 0.7609022556390977 0.5853658536585366 0.7609022556390977 0.6027874564459931 0.7669172932330827 0.6219512195121951 0.7669172932330827 0.6236933797909407 0.7661654135338346 0.6254355400696864 0.762406015037594 0.6167247386759582 0.7541353383458647 0.6132404181184669 0.7518796992481203 0.6045296167247387 0.750375939849624 0.5975609756097561 0.750375939849624 0.5905923344947736 0.7473684210526316 0.5905923344947736 0.7436090225563909 0.5871080139372822 0.7398496240601504 0.5836236933797909 0.7390977443609023 0.5609756097560976 0.7398496240601504 0.5522648083623694 0.7368421052631579 0.5470383275261324 0.7368421052631579 0.5383275261324042 0.7398496240601504 0.5383275261324042 0.7436090225563909
0 0.6306620209059234 0.7601503759398496 0.627177700348432 0.7631578947368421 0.627177700348432 0.7676691729323308 0.6411149825783972 0.7721804511278195 0.6498257839721254 0.7766917293233083 0.6550522648083623 0.7774436090225564 0.6567944250871081 0.7789473684210526 0.6637630662020906 0.781203007518797 0.6637630662020906 0.7819548872180451 0.6724738675958188 0.7827067669172932 0.6742160278745645 0.7834586466165413 0.6881533101045296 0.7827067669172932 0.6916376306620209 0.781203007518797 0.6916376306620209 0.7796992481203008 0.6933797909407665 0.7789473684210526 0.6933797909407665 0.7736842105263158 0.6916376306620209 0.7721804511278195 0.6881533101045296 0.7706766917293233 0.686411149825784 0.7714285714285715 0.6655052264808362 0.7714285714285715 0.6637630662020906 0.7736842105263158 0.6602787456445993 0.775187969924812 0.6567944250871081 0.7729323308270677 0.6567944250871081 0.7691729323308271 0.6602787456445993 0.7669172932330827 0.6602787456445993 0.7631578947368421 0.6567944250871081 0.7593984962406015 0.6533101045296167 0.7586466165413533 0.6411149825783972 0.7586466165413533 0.6393728222996515 0.7593984962406015 0.6306620209059234 0.7601503759398496
0 0.43902439024390244 0.8616541353383459 0.445993031358885 0.8646616541353384 0.45121951219512196 0.8639097744360902 0.45993031358885017 0.8646616541353384 0.45818815331010454 0.8706766917293233 0.44947735191637633 0.8766917293233083 0.45818815331010454 0.8796992481203008 0.46689895470383275 0.8781954887218045 0.47560975609756095 0.8804511278195488 0.47735191637630664 0.8864661654135338 0.4843205574912892 0.8924812030075188 0.4930313588850174 0.893984962406015 0.5052264808362369 0.8932330827067669 0.5087108013937283 0.8909774436090225 0.5156794425087108 0.8774436090225564 0.5226480836236934 0.8744360902255639 0.5365853658536586 0.8721804511278195 0.5348432055749129 0.8661654135338346 0.5313588850174216 0.8646616541353384 0.519163763066202 0.8654135338345864 0.5121951219512195 0.862406015037594 0.5121951219512195 0.8609022556390977 0.5052264808362369 0.8586466165413534 0.4965156794425087 0.8593984962406015 0.4895470383275261 0.8654135338345864 0.48257839721254353 0.8654135338345864 0.4738675958188153 0.8601503759398497 0.4686411149825784 0.8601503759398497 0.4547038327526132 0.8541353383458646 0.445993031358885 0.8541353383458646 0.4372822299651568 0.8571428571428571 0.43902439024390244 0.8616541353383459
0 0.27526132404181186 0.8082706766917294 0.2613240418118467 0.8075187969924812 0.25435540069686413 0.806015037593985 0.23519163763066203 0.806015037593985 0.22473867595818817 0.8097744360902256 0.21951219512195122 0.8142857142857143 0.22125435540069685 0.8172932330827067 0.22822299651567945 0.8203007518796992 0.25435540069686413 0.8240601503759398 0.2665505226480836 0.8300751879699249 0.2787456445993031 0.8308270676691729 0.2857142857142857 0.8293233082706767 0.2874564459930314 0.825563909774436 0.2961672473867596 0.8263157894736842 0.30313588850174217 0.825563909774436 0.313588850174216 0.8195488721804511 0.32578397212543553 0.818796992481203 0.3327526132404181 0.8150375939849624 0.3310104529616725 0.8105263157894737 0.3170731707317073 0.806015037593985 0.30139372822299654 0.8030075187969925 0.2926829268292683 0.8030075187969925 0.28397212543554007 0.8030075187969925 0.27526132404181186 0.8082706766917294
0 0.4895470383275261 0.8097744360902256 0.4808362369337979 0.8165413533834587 0.46689895470383275 0.818796992481203 0.4634146341463415 0.8225563909774436 0.4686411149825784 0.8285714285714286 0.48257839721254353 0.8300751879699249 0.49825783972125437 0.8240601503759398 0.524390243902439 0.8270676691729323 0.5383275261324042 0.8308270676691729 0.5818815331010453 0.8300751879699249 0.5905923344947736 0.825563909774436 0.6062717770034843 0.8240601503759398 0.6132404181184669 0.8218045112781955 0.6062717770034843 0.8180451127819549 0.6045296167247387 0.812781954887218 0.5871080139372822 0.8052631578947368 0.578397212543554 0.8045112781954887 0.5679442508710801 0.8097744360902256 0.5627177700348432 0.8090225563909774 0.5557491289198606 0.7962406015037594 0.5418118466898955 0.7887218045112782 0.5383275261324042 0.7887218045112782 0.5121951219512195 0.8097744360902256 0.4895470383275261 0.8097744360902256
0 0.5923344947735192 0.8428571428571429 0.5905923344947736 0.843609022556391 0.5905923344947736 0.8571428571428571 0.5923344947735192 0.8578947368421053 0.5923344947735192 0.8609022556390977 0.5993031358885017 0.8646616541353384 0.6027874564459931 0.8646616541353384 0.6045296167247387 0.8654135338345864 0.6097560975609756 0.8654135338345864 0.6114982578397212 0.8661654135338346 0.6289198606271778 0.8654135338345864 0.6358885017421603 0.8631578947368421 0.6393728222996515 0.8601503759398497 0.6411149825783972 0.8488721804511278 0.6376306620209059 0.8481203007518797 0.6219512195121951 0.8413533834586466 0.6184668989547039 0.8413533834586466 0.6097560975609756 0.8390977443609022 0.6027874564459931 0.8390977443609022 0.5993031358885017 0.837593984962406 0.5975609756097561 0.837593984962406 0.5940766550522648 0.8390977443609022 0.5923344947735192 0.8428571428571429
0 0.6167247386759582 0.45263157894736844 0.6097560975609756 0.4556390977443609 0.5993031358885017 0.456390977443609 0.5923344947735192 0.45789473684210524 0.5888501742160279 0.46015037593984964 0.5836236933797909 0.4616541353383459 0.5801393728222997 0.46466165413533833 0.5714285714285714 0.46541353383458645 0.5696864111498258 0.46691729323308273 0.5714285714285714 0.46766917293233085 0.5714285714285714 0.4699248120300752 0.573170731707317 0.4706766917293233 0.5801393728222997 0.4699248120300752 0.5905923344947736 0.47293233082706765 0.6010452961672473 0.47218045112781953 0.6027874564459931 0.47293233082706765 0.6149825783972126 0.47293233082706765 0.6219512195121951 0.47443609022556393 0.632404181184669 0.47443609022556393 0.6358885017421603 0.47368421052631576 0.6411149825783972 0.4714285714285714 0.6411149825783972 0.46691729323308273 0.6463414634146342 0.4631578947368421 0.6463414634146342 0.45789473684210524 0.6428571428571429 0.45338345864661656 0.6376306620209059 0.45112781954887216 0.627177700348432 0.4496240601503759 0.6236933797909407 0.4496240601503759 0.6184668989547039 0.45037593984962404 0.6167247386759582 0.45263157894736844