0 0.2934603087248322 0.3134765628140704 0.2719398859060403 0.30078124958123953 0.25628866946308726 0.30273437520938024 0.24650665939597316 0.3095703123953099 0.24650665939597316 0.3154296876046901 0.2367246493288591 0.31640624958123953 0.23085544295302013 0.3212890628140704 0.24846306040268454 0.328125 0.26607067953020136 0.3271484371859296 0.2934603087248322 0.3232421876046901 0.2934603087248322 0.3134765628140704
0 0.4421468640939597 0.3154296876046901 0.42062644127516774 0.30273437520938024 0.3736727919463087 0.29882812479061976 0.36193438087248325 0.30078124958123953 0.3541087718120805 0.30859375041876047 0.34237035906040264 0.30664062479061976 0.3286755453020134 0.3134765628140704 0.3286755453020134 0.3173828123953099 0.3501959681208054 0.328125 0.3541087718120805 0.32617187520938024 0.41475723489932886 0.3310546876046901 0.4421468640939597 0.3271484371859296 0.4421468640939597 0.3154296876046901
0 0.31693713255033557 0.43261718760469015 0.31693713255033557 0.4189453123953099 0.30324231879194635 0.40625 0.2954167097315436 0.41015624958123953 0.27976549328859057 0.41015624958123953 0.2621578758389262 0.4189453123953099 0.2621578758389262 0.4248046876046901 0.2719398859060403 0.42578124958123953 0.2719398859060403 0.4296875 0.25628866946308726 0.4296875 0.23868105033557047 0.4365234371859296 0.24063745302013426 0.44335937520938024 0.28563469966442956 0.44238281239530985 0.31106792617449663 0.4375 0.31693713255033557 0.43261718760469015
0 0.5967026275167785 0.40429687520938024 0.5986590285234898 0.3974609371859296 0.5810514110738255 0.39257812479061976 0.5654001946308725 0.3828125 0.5262721526845637 0.37695312479061976 0.508664533557047 0.3818359371859296 0.508664533557047 0.3876953123953099 0.5243157516778524 0.4013671876046901 0.5243157516778524 0.4072265628140704 0.5399669664429531 0.4111328123953099 0.5693129983221477 0.41015624958123953 0.5967026275167785 0.40429687520938024
0 0.5380105654362416 0.44335937520938024 0.5067081325503355 0.4492187504187605 0.49888252348993284 0.44726562479061976 0.4851877097315436 0.4521484371859296 0.4851877097315436 0.45605468760469015 0.5027953288590604 0.4609375 0.5184465453020134 0.4609375 0.5419233691275168 0.46679687520938024 0.5673565956375839 0.46582031239530985 0.5751822046979866 0.45800781239530985 0.5380105654362416 0.44335937520938024
0 0.5340977617449665 0.5175781247906198 0.5223593489932886 0.5078125 0.4871441124161074 0.5058593752093802 0.4812749060402685 0.5087890628140703 0.4910569161073825 0.5136718752093802 0.5027953288590604 0.5136718752093802 0.5184465453020134 0.5273437504187605 0.5438797718120806 0.5283203123953099 0.5477925755033557 0.5205078123953099 0.5340977617449665 0.5175781247906198
0 0.4519288741610738 0.5351562495812395 0.46171088590604026 0.5302734371859297 0.46171088590604026 0.5244140628140703 0.4460596677852349 0.5205078123953099 0.46171088590604026 0.5126953123953099 0.4558416795302014 0.5039062495812395 0.4480160704697987 0.5019531247906198 0.4245392466442953 0.5097656247906198 0.3971496174496644 0.5019531247906198 0.38149840100671145 0.5097656247906198 0.36193438087248325 0.5097656247906198 0.3560651744966443 0.5126953123953099 0.3560651744966443 0.5185546876046901 0.37954199832214763 0.5244140628140703 0.37562919463087246 0.5341796876046901 0.38149840100671145 0.5371093752093802 0.40301882382550336 0.5361328123953099 0.42062644127516774 0.5332031247906198 0.4519288741610738 0.5351562495812395
0 0.3482395654362416 0.5263671876046901 0.3521523691275168 0.5185546876046901 0.3306319479865772 0.5078125 0.31106792617449663 0.5097656247906198 0.2954167097315436 0.5058593752093802 0.28563469966442956 0.5087890628140703 0.28563469966442956 0.5205078123953099 0.273896288590604 0.5302734371859297 0.28367829865771815 0.5332031247906198 0.30519872147651006 0.5322265628140703 0.3306319479865772 0.53125 0.3482395654362416 0.5263671876046901
0 0.32671914261744966 0.49023437520938024 0.31889353523489933 0.49023437520938024 0.31498073154362416 0.49414062479061976 0.273896288590604 0.4912109371859296 0.26998348322147653 0.49707031239530985 0.2758526895973154 0.5 0.32476274161073826 0.5087890628140703 0.3404139580536913 0.5048828123953099 0.32671914261744966 0.49023437520938024
0 0.5556181845637583 0.5673828123953099 0.5262721526845637 0.5644531247906198 0.5145337399328859 0.5683593752093802 0.5008389261744967 0.5634765628140703 0.49692612248322154 0.5556640628140703 0.48323130704697986 0.5527343752093802 0.4734492969798657 0.5576171876046901 0.4734492969798657 0.5654296876046901 0.4851877097315436 0.5712890628140703 0.4812749060402685 0.5810546876046901 0.49692612248322154 0.5888671876046901 0.49692612248322154 0.5947265628140703 0.5027953288590604 0.5976562495812395 0.5125773389261745 0.5966796876046901 0.5399669664429531 0.5908203123953099 0.5556181845637583 0.5673828123953099
0 0.3560651744966443 0.6806640628140703 0.36389078187919466 0.6748046876046901 0.36389078187919466 0.6650390628140703 0.3599779781879195 0.6572265628140703 0.34237035906040264 0.6523437504187605 0.3130243288590604 0.6630859371859297 0.3130243288590604 0.6689453123953099 0.30324231879194635 0.6738281247906198 0.27976549328859057 0.6699218752093802 0.27780909228187917 0.6767578123953099 0.31106792617449663 0.6855468752093802 0.33845755536912747 0.6992187504187605 0.3482395654362416 0.6982421876046901 0.3599779781879195 0.6884765628140703 0.3560651744966443 0.6806640628140703
0 0.608441038590604 0.7421875 0.6338742651006711 0.7333984371859297 0.6377870704697987 0.7275390628140703 0.6182230503355705 0.7236328123953099 0.6221358540268457 0.7119140628140703 0.6123538439597316 0.7070312495812395 0.6045282348993288 0.7070312495812395 0.5888770184563759 0.7148437504187605 0.577138605704698 0.7089843752093802 0.5595309882550336 0.7138671876046901 0.5712693993288591 0.7275390628140703 0.5673565956375839 0.7431640628140703 0.5790950083892618 0.7451171876046901 0.5849642147651006 0.7421875 0.608441038590604 0.7421875
0 0.34432676174496646 0.7783203123953099 0.34432676174496646 0.7724609371859297 0.3228063389261745 0.7597656247906198 0.30715512248322147 0.7675781247906198 0.28367829865771815 0.7695312495812395 0.273896288590604 0.7744140628140703 0.28172189597315433 0.7822265628140703 0.27780909228187917 0.7919921876046901 0.2954167097315436 0.8027343752093802 0.3130243288590604 0.8017578123953099 0.3365011543624161 0.7900390628140703 0.34432676174496646 0.7783203123953099
0 0.4480160704697987 0.796875 0.46758009060402683 0.796875 0.4734492969798657 0.7939453123953099 0.46758009060402683 0.7832031247906198 0.4558416795302014 0.7832031247906198 0.44019046308724835 0.7910156247906198 0.4284520503355705 0.7910156247906198 0.42062644127516774 0.796875 0.3775855973154363 0.796875 0.3717163909395973 0.7998046876046901 0.36780358724832213 0.8037109371859297 0.37562919463087246 0.8115234371859297 0.4069316275167785 0.8173828123953099 0.44019046308724835 0.8105468752093802 0.4480160704697987 0.796875
0 0.4343212567114094 0.7568359371859297 0.40497522483221476 0.7519531247906198 0.39323681375838926 0.7539062495812395 0.39519321476510066 0.7724609371859297 0.4284520503355705 0.7851562495812395 0.4343212567114094 0.7841796876046901 0.4421468640939597 0.7763671876046901 0.4343212567114094 0.7568359371859297
0 0.6632202969798657 0.71875 0.6416998741610739 0.7216796876046901 0.6416998741610739 0.7255859371859297 0.6534382869127517 0.7275390628140703 0.6651766979865772 0.7236328123953099 0.6632202969798657 0.71875
0 0.6241610738255033 0.8534338358458962 0.62751677852349 0.8534338358458962 0.6375838926174496 0.8567839195979899 0.6409395973154363 0.8567839195979899 0.6593959731543624 0.8668341708542714 0.6644295302013423 0.8726968174204355 0.662751677852349 0.8743718592964824 0.6644295302013423 0.8844221105527639 0.6694630872483222 0.8844221105527639 0.6728187919463087 0.8835845896147404 0.6795302013422819 0.8777219430485762 0.6795302013422819 0.8743718592964824 0.674496644295302 0.8726968174204355 0.674496644295302 0.8618090452261307 0.6711409395973155 0.8559463986599665 0.6644295302013423 0.8525963149078727 0.6560402684563759 0.8517587939698492 0.6375838926174496 0.8467336683417085 0.62751677852349 0.8467336683417085 0.6208053691275168 0.8492462311557789 0.6241610738255033 0.8534338358458962
0 0.21140939597315436 0.7713567839195979 0.2080536912751678 0.7747068676716918 0.2080536912751678 0.7788944723618091 0.19966442953020133 0.7830820770519263 0.1929530201342282 0.7839195979899497 0.18456375838926176 0.7889447236180904 0.18624161073825504 0.7939698492462312 0.19630872483221476 0.7981574539363484 0.19630872483221476 0.8023450586264657 0.19966442953020133 0.8056951423785594 0.2214765100671141 0.8056951423785594 0.23993288590604026 0.8006700167504187 0.2516778523489933 0.7931323283082077 0.26677852348993286 0.7931323283082077 0.2751677852348993 0.7897822445561139 0.2751677852348993 0.7830820770519263 0.26677852348993286 0.7797319932998324 0.2651006711409396 0.7772194304857621 0.2651006711409396 0.7671691792294807 0.2701342281879195 0.7596314907872697 0.26677852348993286 0.7579564489112228 0.2634228187919463 0.7587939698492462 0.24496644295302014 0.7554438860971524 0.23154362416107382 0.7554438860971524 0.22483221476510068 0.7638190954773869 0.21140939597315436 0.7713567839195979
0 0.3053691275167785 0.5536013400335008 0.29194630872483224 0.5561139028475712 0.28691275167785235 0.5552763819095478 0.2802013422818792 0.5510887772194305 0.27348993288590606 0.5510887772194305 0.2684563758389262 0.5527638190954773 0.2516778523489933 0.5603015075376885 0.2533557046979866 0.5611390284757118 0.2533557046979866 0.568676716917923 0.24161073825503357 0.5737018425460636 0.23993288590604026 0.5795644891122278 0.25 0.5829145728643216 0.2634228187919463 0.5829145728643216 0.2651006711409396 0.5820770519262981 0.2751677852348993 0.5829145728643216 0.29194630872483224 0.5804020100502513 0.313758389261745 0.5795644891122278 0.3288590604026846 0.5770519262981575 0.33221476510067116 0.567001675041876 0.33557046979865773 0.5644891122278057 0.3338926174496644 0.5603015075376885 0.33557046979865773 0.559463986599665 0.33557046979865773 0.5527638190954773 0.3271812080536913 0.550251256281407 0.31543624161073824 0.550251256281407 0.3087248322147651 0.5510887772194305 0.3053691275167785 0.5536013400335008
0 0.37583892617449666 0.29061976549413737 0.3775167785234899 0.2931323283082077 0.3926174496644295 0.2964824120603015 0.39932885906040266 0.2998324958123953 0.4077181208053691 0.2998324958123953 0.41946308724832215 0.2964824120603015 0.42449664429530204 0.2981574539363484 0.4228187919463087 0.30402010050251255 0.4261744966442953 0.2989949748743719 0.43456375838926176 0.30067001675041877 0.436241610738255 0.30234505862646566 0.4664429530201342 0.30318257956448913 0.4899328859060403 0.2981574539363484 0.4899328859060403 0.29396984924623115 0.4848993288590604 0.29061976549413737 0.4546979865771812 0.2897822445561139 0.44798657718120805 0.2864321608040201 0.4463087248322148 0.28224455611390287 0.4395973154362416 0.2805695142378559 0.42449664429530204 0.27889447236180903 0.4077181208053691 0.28224455611390287 0.3926174496644295 0.2780569514237856 0.39093959731543626 0.2780569514237856 0.3808724832214765 0.2814070351758794 0.37583892617449666 0.29061976549413737