0 0.5720637653631285 0.8867187502312673 0.5818930391061452 0.8818359370952821 0.5543710726256984 0.8623046873265495 0.5642003463687151 0.8515624995374652 0.5406100875232774 0.8515624995374652 0.5307808137802607 0.8583984375578169 0.5307808137802607 0.8740234375578169 0.5150539739292365 0.8935546873265495 0.5288149590316573 0.9003906253469011 0.5347125232774674 0.8994140629047179 0.552405217877095 0.8847656253469011 0.5720637653631285 0.8867187502312673
0 0.6880492029795158 0.7939453126734505 0.6664247988826816 0.7910156253469011 0.6546296703910615 0.7792968751156337 0.6330052662942273 0.7822265624421831 0.6389028305400373 0.7929687502312673 0.6035174432029795 0.7929687502312673 0.5976198789571695 0.7958984375578169 0.611380862197393 0.8125 0.6605272346368715 0.8115234375578169 0.6801857839851024 0.8076171877890842 0.6880492029795158 0.7939453126734505
0 0.7273662998137803 0.7041015624421831 0.7096736070763501 0.6972656253469011 0.6900150577281192 0.6972656253469011 0.6821516387337058 0.6933593746530989 0.646766251396648 0.6933593746530989 0.6448003947858473 0.7080078122109158 0.6526638156424581 0.7216796873265495 0.6880492029795158 0.7236328122109158 0.7096736070763501 0.7167968751156337 0.7273662998137803 0.7041015624421831
0 0.5917223147113594 0.6796875004625348 0.6015515884543762 0.6728515624421831 0.5917223147113594 0.6679687502312673 0.5720637653631285 0.6699218751156337 0.5740296201117318 0.6591796873265495 0.5602686368715084 0.6523437502312673 0.5288149590316573 0.6582031248843663 0.5229173947858473 0.6513671877890842 0.5091564096834265 0.6484375004625348 0.5032588454376163 0.6513671877890842 0.5150539739292365 0.6787109370952821 0.5288149590316573 0.6816406253469011 0.5661662011173184 0.6806640629047179 0.5720637653631285 0.6777343746530989 0.5917223147113594 0.6796875004625348
0 0.32240019739292364 0.5048828122109158 0.31650263314711363 0.5019531248843663 0.3007757951582868 0.5019531248843663 0.28898066480446927 0.5097656253469011 0.25359527746741156 0.5 0.23197087337057729 0.5048828122109158 0.24376600372439478 0.5166015624421831 0.2280391638733706 0.5244140629047179 0.23393672811918062 0.5292968751156337 0.2771855363128492 0.5273437502312673 0.2909465195530726 0.5302734375578169 0.3184684878957169 0.5263671877890842 0.32240019739292364 0.5048828122109158
0 0.28898066480446927 0.5820312497687327 0.3086392141527002 0.5800781248843663 0.3184684878957169 0.5751953126734505 0.3184684878957169 0.5634765624421831 0.3027416499068902 0.5556640629047179 0.31060506890130357 0.5517578122109158 0.31060506890130357 0.5419921877890842 0.292912374301676 0.5371093746530989 0.25359527746741156 0.5488281248843663 0.23590258472998138 0.5615234375578169 0.24376600372439478 0.5751953126734505 0.23197087337057729 0.5791015624421831 0.2280391638733706 0.5927734375578169 0.2555611322160149 0.5966796873265495 0.26932211731843575 0.59375 0.28898066480446927 0.5820312497687327
0 0.5858247504655494 0.38964843755781686 0.5740296201117318 0.3857421877890842 0.5740296201117318 0.3798828122109158 0.589756459962756 0.3681640629047178 0.589756459962756 0.36230468732654947 0.5759954748603352 0.35742187511563367 0.552405217877095 0.35742187511563367 0.5445417970204842 0.365234374653099 0.5209515400372439 0.365234374653099 0.5071905549348231 0.38769531267345053 0.5071905549348231 0.3974609370952822 0.5170198286778399 0.4023437502312674 0.5622344916201117 0.40332031267345053 0.5858247504655494 0.3974609370952822 0.5858247504655494 0.38964843755781686
0 0.32240019739292364 0.35644531267345053 0.3184684878957169 0.34277343755781686 0.33419532774674116 0.3349609370952822 0.32436605214152703 0.328125 0.28111724581005587 0.3320312497687326 0.2752196815642458 0.34277343755781686 0.25359527746741156 0.34375 0.2398342942271881 0.3525390629047178 0.25359527746741156 0.3632812497687326 0.2909465195530726 0.3642578122109158 0.31257092364990685 0.3632812497687326 0.32240019739292364 0.35644531267345053
0 0.27915139106145254 0.38964843755781686 0.2634245512104283 0.3857421877890842 0.2555611322160149 0.3701171877890842 0.2418001489757914 0.36132812488436633 0.21820989013035383 0.3632812497687326 0.19265377653631285 0.37402343755781686 0.1946196312849162 0.37695312488436633 0.22607330912476722 0.37695312488436633 0.23197087337057729 0.3798828122109158 0.22607330912476722 0.384765625346901 0.21427818063314713 0.384765625346901 0.20051719553072625 0.3955078122109158 0.2280391638733706 0.3955078122109158 0.26145869646182496 0.3945312497687326 0.27915139106145254 0.38964843755781686
0 0.3892392625698324 0.37207031267345053 0.39513682867783984 0.3671875004625347 0.4030002476722533 0.369140625346901 0.4088978119180633 0.36230468732654947 0.3931709720670391 0.35839843755781686 0.39120511731843577 0.3515624995374653 0.35975143947858473 0.3515624995374653 0.34992216573556795 0.35644531267345053 0.3538538752327747 0.3798828122109158 0.37154656983240225 0.38867187511563367 0.3931709720670391 0.38769531267345053 0.3971026834264432 0.37792968732654947 0.3892392625698324 0.37207031267345053
0 0.5779613296089385 0.7392578122109158 0.5858247504655494 0.7158203126734505 0.5759954748603352 0.703125 0.5563369273743016 0.703125 0.5406100875232774 0.6972656253469011 0.5130881191806331 0.6972656253469011 0.49539542644320306 0.7041015624421831 0.5071905549348231 0.7197265624421831 0.49539542644320306 0.7353515624421831 0.5012929906890131 0.7402343746530989 0.5091564096834265 0.7363281248843663 0.5229173947858473 0.7470703126734505 0.5307808137802607 0.7470703126734505 0.5445417970204842 0.7402343746530989 0.5779613296089385 0.7392578122109158
0 0.3931709720670391 0.7529296873265495 0.3931709720670391 0.7470703126734505 0.4010343929236499 0.7431640629047179 0.4010343929236499 0.7373046873265495 0.4108636666666667 0.7324218751156337 0.43052221601489754 0.7324218751156337 0.43248807076350093 0.7353515624421831 0.4462490540037244 0.7421875004625348 0.4580441843575419 0.7421875004625348 0.4678734581005587 0.7392578122109158 0.4678734581005587 0.7314453126734505 0.4619758938547486 0.7285156253469011 0.438385635009311 0.7285156253469011 0.43052221601489754 0.7304687502312673 0.42855636126629426 0.7294921877890842 0.43641978026070766 0.7255859370952821 0.43641978026070766 0.7216796873265495 0.4187270856610801 0.7109375004625348 0.41479537616387335 0.7109375004625348 0.40693195716945996 0.7148437502312673 0.39906853817504656 0.7148437502312673 0.39513682867783984 0.7128906253469011 0.3833416983240223 0.7128906253469011 0.3754782793296089 0.7089843746530989 0.3676148603351955 0.7089843746530989 0.35975143947858473 0.7128906253469011 0.35581972998137806 0.7128906253469011 0.34992216573556795 0.7177734375578169 0.3459904562383613 0.7314453126734505 0.3518880204841713 0.734375 0.36171729608938546 0.7353515624421831 0.36171729608938546 0.7392578122109158 0.3656490055865922 0.7412109370952821 0.3656490055865922 0.7509765624421831 0.36171729608938546 0.7548828122109158 0.37154656983240225 0.7578124995374652 0.3774441340782123 0.7568359370952821 0.38727340782122904 0.7558593746530989 0.3931709720670391 0.7529296873265495
0 0.2418001489757914 0.796875 0.2555611322160149 0.7900390629047179 0.2555611322160149 0.7861328122109158 0.2634245512104283 0.7802734375578169 0.2634245512104283 0.7744140629047179 0.25752698696461823 0.7714843746530989 0.25359527746741156 0.7734375004625348 0.23786843947858474 0.7734375004625348 0.23590258472998138 0.7705078122109158 0.22607330912476722 0.765625 0.21624403538175047 0.7646484375578169 0.21624403538175047 0.7548828122109158 0.2064147616387337 0.75 0.1946196312849162 0.75 0.18872206703910616 0.7548828122109158 0.18872206703910616 0.7587890629047179 0.1749610837988827 0.765625 0.15726838919925512 0.7666015624421831 0.15726838919925512 0.7744140629047179 0.16906351769087524 0.7822265624421831 0.16513180819366852 0.7861328122109158 0.15333667970204842 0.7900390629047179 0.15333667970204842 0.7939453126734505 0.15923424394785846 0.7988281248843663 0.16709766294227188 0.7988281248843663 0.17102937243947858 0.8007812497687327 0.2221415996275605 0.8007812497687327 0.22410745437616386 0.7998046873265495 0.23393672811918062 0.796875 0.2418001489757914 0.796875
0 0.24966356797020484 0.7460937502312673 0.2555611322160149 0.7431640629047179 0.2594928417132216 0.7373046873265495 0.26932211731843575 0.734375 0.2850489553072626 0.7382812497687327 0.29684408379888266 0.734375 0.3086392141527002 0.734375 0.3204343426443203 0.7382812497687327 0.3322294729981378 0.7382812497687327 0.3381270372439479 0.7255859370952821 0.3282977616387337 0.71875 0.31257092364990685 0.7148437502312673 0.3007757951582868 0.7148437502312673 0.28898066480446927 0.7109375004625348 0.2732538268156424 0.7109375004625348 0.2634245512104283 0.7158203126734505 0.2830831005586592 0.7216796873265495 0.2830831005586592 0.7236328122109158 0.2732538268156424 0.7265624995374652 0.2594928417132216 0.7197265624421831 0.2634245512104283 0.7177734375578169 0.25752698696461823 0.7148437502312673 0.25359527746741156 0.7148437502312673 0.24573185847299814 0.7109375004625348 0.23786843947858474 0.7109375004625348 0.2280391638733706 0.7158203126734505 0.2280391638733706 0.7216796873265495 0.2221415996275605 0.7246093746530989 0.21427818063314713 0.7246093746530989 0.20051719553072625 0.7314453126734505 0.20051719553072625 0.7373046873265495 0.1906879217877095 0.7382812497687327 0.18479035754189943 0.7412109370952821 0.18479035754189943 0.7470703126734505 0.1906879217877095 0.75 0.19658548603351955 0.7490234375578169 0.20248305027932958 0.7460937502312673 0.24966356797020484 0.7460937502312673
0 0.4482149087523277 0.8916015624421831 0.4541124729981378 0.8886718751156337 0.4659076033519553 0.8886718751156337 0.46983931284916197 0.8867187502312673 0.4777027318435754 0.8867187502312673 0.48360029608938543 0.8798828122109158 0.47377102234636875 0.875 0.4501807635009311 0.875 0.444283199255121 0.8779296873265495 0.444283199255121 0.8818359370952821 0.4482149087523277 0.8837890629047179 0.4423173445065177 0.8867187502312673 0.42462465176908754 0.8779296873265495 0.42265879515828675 0.875 0.4187270856610801 0.875 0.41479537616387335 0.8730468751156337 0.4030002476722533 0.8730468751156337 0.3931709720670391 0.8798828122109158 0.39906853817504656 0.8828124995374652 0.4030002476722533 0.8828124995374652 0.41676123091247674 0.8896484375578169 0.41282952141527 0.8916015624421831 0.41282952141527 0.8935546873265495 0.41676123091247674 0.8955078122109158 0.4206929404096834 0.9013671877890842 0.41282952141527 0.9052734375578169 0.41282952141527 0.9091796873265495 0.42265879515828675 0.9140624995374652 0.42659050651769087 0.9140624995374652 0.43052221601489754 0.9160156253469011 0.43641978026070766 0.9150390629047179 0.4482149087523277 0.9091796873265495 0.4482149087523277 0.8916015624421831
0 0.4482149087523277 0.4482421877890842 0.438385635009311 0.443359374653099 0.4088978119180633 0.4423828122109158 0.4088978119180633 0.44042968732654947 0.42462465176908754 0.4306640629047178 0.4206929404096834 0.4267578122109158 0.40693195716945996 0.421875 0.38727340782122904 0.421875 0.3754782793296089 0.427734374653099 0.35581972998137806 0.427734374653099 0.3479563109869646 0.4335937502312674 0.3322294729981378 0.4335937502312674 0.32240019739292364 0.43847656244218314 0.3263319068901303 0.4423828122109158 0.33419532774674116 0.4443359370952822 0.32240019739292364 0.45605468732654947 0.3361611824953445 0.4609375004625347 0.3400928919925512 0.458984374653099 0.35581972998137806 0.458984374653099 0.3656490055865922 0.45410156244218314 0.36171729608938546 0.45214843755781686 0.36368315083798886 0.4492187502312674 0.37940998882681565 0.453125 0.38727340782122904 0.453125 0.39513682867783984 0.4492187502312674 0.4030002476722533 0.45117187511563367 0.41479537616387335 0.458984374653099 0.42265879515828675 0.458984374653099 0.42659050651769087 0.4609375004625347 0.43641978026070766 0.4599609370952822 0.4482149087523277 0.45605468732654947 0.4482149087523277 0.4482421877890842
0 0.5563369273743016 0.609375 0.5622344916201117 0.6064453126734505 0.5622344916201117 0.6044921877890842 0.5563369273743016 0.6015624995374652 0.5288149590316573 0.6015624995374652 0.5248832495344506 0.6035156253469011 0.5229173947858473 0.6025390629047179 0.5229173947858473 0.6005859370952821 0.5288149590316573 0.5976562497687327 0.5327466685288641 0.5976562497687327 0.5386442327746741 0.5947265624421831 0.5386442327746741 0.5869140629047179 0.5327466685288641 0.5839843746530989 0.5288149590316573 0.5859375004625348 0.5248832495344506 0.5859375004625348 0.5209515400372439 0.5878906253469011 0.5170198286778399 0.5878906253469011 0.5012929906890131 0.5957031248843663 0.49736128119180634 0.5957031248843663 0.4914637169459963 0.5986328122109158 0.4914637169459963 0.6005859370952821 0.5032588454376163 0.6064453126734505 0.5032588454376163 0.6083984375578169 0.5091564096834265 0.6113281248843663 0.5484735065176909 0.6113281248843663 0.5504393631284916 0.6103515624421831 0.552405217877095 0.609375 0.5563369273743016 0.609375
0 0.49736128119180634 0.333984374653099 0.5170198286778399 0.333984374653099 0.5209515400372439 0.3359375004625347 0.5288149590316573 0.3359375004625347 0.5327466685288641 0.333984374653099 0.5406100875232774 0.333984374653099 0.5465076517690874 0.33105468732654947 0.5425759422718808 0.32519531267345053 0.5366783780260708 0.322265625346901 0.5288149590316573 0.3203124995374653 0.5209515400372439 0.322265625346901 0.5111222644320298 0.3193359370952822 0.5268491042830541 0.30957031267345053 0.5229173947858473 0.3076171877890842 0.5386442327746741 0.29785156244218314 0.5288149590316573 0.2929687502312674 0.5130881191806331 0.2929687502312674 0.5052247001862197 0.296875 0.5012929906890131 0.296875 0.49736128119180634 0.3046875004625347 0.48163444134078215 0.3046875004625347 0.4796685865921787 0.29785156244218314 0.47377102234636875 0.29492187511563367 0.4580441843575419 0.3046875004625347 0.4541124729981378 0.302734374653099 0.438385635009311 0.302734374653099 0.43248807076350093 0.3056640629047178 0.43248807076350093 0.30957031267345053 0.4206929404096834 0.31347656244218314 0.4206929404096834 0.3212890629047178 0.42659050651769087 0.3242187502312674 0.4423173445065177 0.32617187511563367 0.4659076033519553 0.3320312497687326 0.47377102234636875 0.3359375004625347 0.48163444134078215 0.337890625346901 0.48360029608938543 0.3369140629047178 0.4934295716945996 0.3359375004625347 0.49736128119180634 0.333984374653099