0 0.77384033125 0.7626953121480289 0.7681503296875001 0.7578125004022527 0.741596984375 0.7578125004022527 0.7359069828125 0.7548828125502816 0.7397003171875001 0.7490234376508447 0.734010315625 0.7460937497988737 0.718836975 0.7460937497988737 0.713146971875 0.7490234376508447 0.713146971875 0.7587890627514079 0.6903869625 0.7626953121480289 0.6998703 0.7675781246983105 0.718836975 0.7675781246983105 0.7302169796875 0.7734374995977473 0.743493653125 0.7744140627514079 0.7529769890625 0.7734374995977473 0.77384033125 0.7626953121480289
0 0.732113646875 0.8076171874497184 0.7169403078125 0.7998046878519711 0.724526978125 0.7919921874497184 0.7112503046875001 0.7832031246983105 0.6998703 0.7832031246983105 0.6884902953125 0.7929687497988737 0.677110290625 0.7929687497988737 0.66383361875 0.7998046878519711 0.66383361875 0.8037109372485921 0.680903625 0.8105468753016895 0.6998703 0.8085937497988737 0.7112503046875001 0.8183593748994368 0.724526978125 0.8173828125502816 0.732113646875 0.8134765623491553 0.732113646875 0.8076171874497184
0 0.43244018593750005 0.831054687851971 0.415370178125 0.8222656251005632 0.396403503125 0.8222656251005632 0.3755401609375 0.8330078125502816 0.3717468265625 0.8427734376508448 0.377436828125 0.8457031246983107 0.4077835078125 0.8476562502011263 0.405886840625 0.856445312148029 0.41347351093749996 0.856445312148029 0.43244018593750005 0.8388671874497184 0.43244018593750005 0.831054687851971
0 0.367953490625 0.846679687851971 0.35847015312499997 0.8417968753016893 0.3432968140625 0.8417968753016893 0.3186401375 0.852539062751408 0.3243301390625 0.859375 0.360366821875 0.8583984376508448 0.367953490625 0.8544921874497184 0.367953490625 0.846679687851971
0 0.44192352343749997 0.8789062502011263 0.43054351874999996 0.8789062502011263 0.41916351250000006 0.8847656251005632 0.3755401609375 0.8857421874497184 0.3717468265625 0.893554687851971 0.379333496875 0.909179687851971 0.40209350625000007 0.909179687851971 0.45140686093750004 0.893554687851971 0.44192352343749997 0.8789062502011263
0 0.44002685625 0.961914062751408 0.4267501828125 0.9570312502011263 0.405886840625 0.956054687851971 0.409680175 0.946289062751408 0.396403503125 0.9355468753016893 0.377436828125 0.9355468753016893 0.3622634890625 0.9238281246983107 0.3470901484375 0.9238281246983107 0.3376068109375 0.9384765623491552 0.3470901484375 0.9433593748994368 0.35847015312499997 0.9433593748994368 0.360366821875 0.950195312148029 0.34519348125 0.9580078125502816 0.34519348125 0.9677734376508448 0.350883484375 0.9707031246983107 0.369850159375 0.9707031246983107 0.3888168328125 0.9609374995977474 0.4001968390625 0.9609374995977474 0.409680175 0.971679687851971 0.424853515625 0.975585937248592 0.44002685625 0.9697265623491552 0.44002685625 0.961914062751408
0 0.44761352499999996 0.9111328125502816 0.4381301875 0.90625 0.42106018125 0.9072265623491552 0.405886840625 0.924804687851971 0.409680175 0.934570312148029 0.415370178125 0.9375 0.42864684999999997 0.9365234376508448 0.44761352499999996 0.918945312148029 0.44761352499999996 0.9111328125502816
0 0.32622680625 0.9384765623491552 0.3205368046875 0.9355468753016893 0.3015701296875 0.9355468753016893 0.2920867921875 0.940429687851971 0.2920867921875 0.950195312148029 0.29777679375 0.953125 0.3186401375 0.9521484376508448 0.33002014218750003 0.944335937248592 0.32622680625 0.9384765623491552
0 0.610726928125 0.9052734376508448 0.591760253125 0.897460937248592 0.591760253125 0.8896484376508448 0.5974502562499999 0.8867187497988737 0.6164169312500001 0.8867187497988737 0.629693603125 0.8798828125502816 0.6145202640625 0.8701171874497184 0.6259002687499999 0.8583984376508448 0.612623596875 0.8476562502011263 0.5955535890625 0.850585937248592 0.591760253125 0.862304687851971 0.60693359375 0.868164062751408 0.5822769171875 0.8789062502011263 0.5727935796875 0.877929687851971 0.5765869140625 0.8642578125502816 0.5595169062500001 0.8613281246983107 0.55003356875 0.866210937248592 0.5443435671875 0.8769531246983107 0.517790221875 0.8710937497988737 0.5196868890624999 0.8759765623491552 0.5083068843749999 0.8798828125502816 0.5083068843749999 0.8916015623491552 0.5139968875 0.8945312502011263 0.54055023125 0.8945312502011263 0.593656921875 0.9140625004022526 0.5993469234375 0.913085937248592 0.610726928125 0.909179687851971 0.610726928125 0.9052734376508448
0 0.5538269046875001 0.940429687851971 0.5386535640625 0.934570312148029 0.5538269046875001 0.928710937248592 0.5538269046875001 0.9228515623491552 0.565206909375 0.918945312148029 0.5633102421875 0.9140625004022526 0.5253768921875 0.9257812502011263 0.49692687968750004 0.9423828125502816 0.5026168828124999 0.9511718753016893 0.523480225 0.950195312148029 0.5538269046875001 0.946289062751408 0.5538269046875001 0.940429687851971
0 0.555723571875 0.734375 0.5690002437499999 0.7275390627514079 0.5671035765625 0.7207031246983105 0.603140259375 0.7158203121480289 0.601243590625 0.7050781246983105 0.574690246875 0.703125 0.5671035765625 0.6992187497988737 0.5595169062500001 0.7011718753016895 0.5538269046875001 0.6904296878519711 0.536756896875 0.6835937497988737 0.5158935546875 0.6865234376508447 0.5196868890624999 0.6982421874497184 0.49123687812499994 0.7070312502011263 0.48175354062500003 0.7138671874497184 0.49313354531250003 0.7216796878519711 0.489340209375 0.7333984376508447 0.5026168828124999 0.7402343748994368 0.5196868890624999 0.7392578125502816 0.5291702265625 0.734375 0.555723571875 0.734375
0 0.6334869390625 0.7685546878519711 0.620210265625 0.7617187497988737 0.6088302609375 0.7578125004022527 0.5898635859375 0.7578125004022527 0.5708969109375001 0.75 0.555723571875 0.75 0.55003356875 0.7529296878519711 0.546240234375 0.7587890627514079 0.5595169062500001 0.7695312502011263 0.5860702515625 0.7714843748994368 0.6088302609375 0.7792968753016895 0.622106934375 0.7783203121480289 0.6334869390625 0.7744140627514079 0.6334869390625 0.7685546878519711
0 0.4741668703125 0.2900390627514079 0.47796020468749995 0.2802734376508447 0.472270203125 0.27734374979887366 0.44951019218750005 0.27929687530168945 0.43433685312500003 0.27539062510056317 0.41157684375 0.27539062510056317 0.405886840625 0.278320312148029 0.409680175 0.2978515623491553 0.43244018593750005 0.3076171874497184 0.4570968625 0.30078125020112634 0.4741668703125 0.2900390627514079
0 0.38312683125 0.3525390627514079 0.3622634890625 0.34375 0.3432968140625 0.34375 0.3243301390625 0.35546874979887366 0.3053634640625 0.35351562510056317 0.2958801265625 0.3583984376508447 0.29777679375 0.3671874995977474 0.3717468265625 0.3662109372485921 0.38312683125 0.362304687851971 0.38312683125 0.3525390627514079
0 0.5196868890624999 0.4443359372485921 0.5348602296875 0.43652343765084467 0.5348602296875 0.4326171874497184 0.5538269046875001 0.4267578125502816 0.5481369015625 0.4179687497988737 0.5102035515625001 0.41601562510056317 0.47985687187500004 0.421875 0.46278686562500004 0.4306640627514079 0.46278686562500004 0.43457031214802894 0.49123687812499994 0.453125 0.5121002203125 0.45410156234915533 0.523480225 0.4482421874497184 0.5196868890624999 0.4443359372485921