0 0.5115865716560509 0.27148437530662306 0.528702851910828 0.26269531234668847 0.5229974251592356 0.25976562469337694 0.5077829538216561 0.25976562469337694 0.4925684840764331 0.2636718748977923 0.4906666751592356 0.2587890621422731 0.4982739108280255 0.25097656255110384 0.48496124840764326 0.2460937497955846 0.4431214538216561 0.25585937530662306 0.42790698407643313 0.2460937497955846 0.41079070382165606 0.24902343744889613 0.4202997484076433 0.2636718748977923 0.4355142197452229 0.2636718748977923 0.44692507165605094 0.25976562469337694 0.45263049840764336 0.26269531234668847 0.45263049840764336 0.2724609378577269 0.4621395429936306 0.2773437497955846 0.47545220382165604 0.2763671872444808 0.48496124840764326 0.2695312502044154 0.5115865716560509 0.27148437530662306
0 0.561033601910828 0.3261718748977923 0.576248071656051 0.32226562469337694 0.5819534984076433 0.31347656255110384 0.572444453821656 0.3085937497955846 0.5496227484076434 0.3125 0.5382118949044586 0.30664062469337694 0.49637210191082803 0.30468749959116925 0.47164858598726117 0.31542968765331153 0.4811576305732484 0.32031250040883075 0.49637210191082803 0.32031250040883075 0.5039793359872612 0.3164062502044154 0.5096847627388534 0.3193359378577269 0.4982739108280255 0.32910156255110384 0.5039793359872612 0.33398437530662306 0.5172919984076433 0.3330078127555192 0.5382118949044586 0.3242187497955846 0.561033601910828 0.3261718748977923
0 0.5420155127388535 0.375 0.5686408359872611 0.3769531251022077 0.5781498805732485 0.3701171872444808 0.5686408359872611 0.3632812502044154 0.540113703821656 0.35839843744889616 0.5477209394904459 0.3544921872444808 0.5420155127388535 0.3457031251022077 0.5306046608280255 0.3457031251022077 0.5077829538216561 0.359375 0.47735401273885353 0.3574218748977923 0.46784496974522294 0.36230468765331153 0.4792558216560509 0.37207031234668847 0.46784496974522294 0.37792968765331153 0.47735401273885353 0.3867187497955846 0.5115865716560509 0.38085937530662306 0.5191938073248408 0.3886718748977923 0.5363100859872612 0.38964843744889616 0.543917321656051 0.3857421872444808 0.5420155127388535 0.375
0 0.4697467786624204 0.484375 0.4830594394904459 0.4775390621422731 0.4830594394904459 0.4736328127555192 0.4697467786624204 0.47070312510220774 0.43171060191082805 0.47070312510220774 0.4241033662420382 0.46289062469337694 0.4050852786624204 0.46289062469337694 0.3879689984076433 0.48535156255110384 0.4050852786624204 0.49023437530662306 0.4164961305732484 0.49804687489779226 0.4260051751592357 0.4970703123466885 0.45072868949044587 0.484375 0.4697467786624204 0.484375
0 0.3784599554140127 0.6015625004088307 0.3879689984076433 0.5966796876533115 0.3841653805732484 0.5771484374488961 0.3784599554140127 0.5742187497955846 0.367049101910828 0.5742187497955846 0.3518346305732484 0.5839843753066231 0.32901292515923564 0.5820312502044154 0.3099948375796178 0.5742187497955846 0.2966821751592357 0.5791015625511039 0.30428941082802546 0.586914062142273 0.2966821751592357 0.5927734374488961 0.3118966464968153 0.602539062142273 0.3118966464968153 0.6083984374488961 0.31760207324840767 0.6113281251022077 0.33471835191082805 0.6103515625511039 0.3366201608280255 0.6015625004088307 0.3784599554140127 0.6015625004088307
0 0.173064601910828 0.7597656246933769 0.1825736464968153 0.7548828127555192 0.1787700286624204 0.7470703123466885 0.16735917515923568 0.743164062142273 0.18447545541401275 0.7441406246933769 0.19018088216560508 0.741210937857727 0.19018088216560508 0.7236328127555192 0.18067183757961783 0.71875 0.1692609840764331 0.71875 0.1654573678343949 0.7148437497955846 0.14834108757961784 0.7216796876533115 0.15214470541401273 0.727539062142273 0.13502842675159238 0.7304687497955846 0.129323 0.7373046876533115 0.15214470541401273 0.7490234374488961 0.14643927866242037 0.7519531251022077 0.11981395541401273 0.7519531251022077 0.11410852866242038 0.756835937857727 0.11981395541401273 0.7636718748977923 0.1331266178343949 0.7626953123466885 0.14643927866242037 0.7578125004088307 0.173064601910828 0.7597656246933769
0 0.1787700286624204 0.6923828127555192 0.16165375 0.6875 0.14834108757961784 0.694335937857727 0.14834108757961784 0.6982421872444808 0.1540465143312102 0.703125 0.17116279299363057 0.7021484374488961 0.1787700286624204 0.6982421872444808 0.1787700286624204 0.6923828127555192
0 0.26054780732484073 0.6894531251022077 0.27386046974522293 0.6845703123466885 0.26054780732484073 0.6757812502044154 0.23392248407643312 0.6777343753066231 0.21490439649681528 0.6738281251022077 0.20539535191082803 0.678710937857727 0.20539535191082803 0.6865234374488961 0.2187080143312102 0.6914062502044154 0.22821705732484077 0.6904296876533115 0.23772610191082802 0.6875 0.26054780732484073 0.6894531251022077
0 0.3233074984076433 0.6767578127555192 0.34232558757961784 0.6708984374488961 0.34232558757961784 0.6669921872444808 0.2985839840764331 0.6582031251022077 0.2890749394904459 0.663085937857727 0.29287855732484075 0.6748046876533115 0.28527132324840765 0.680664062142273 0.30238760191082803 0.6855468748977923 0.31570026433121023 0.6845703123466885 0.3233074984076433 0.6826171872444808 0.3233074984076433 0.6767578127555192
0 0.6009715859872611 0.9560546876533116 0.6180878662420382 0.953125 0.6275969092356688 0.9462890621422732 0.6199896751592356 0.9326171872444807 0.6314005270700637 0.9228515625511039 0.6180878662420382 0.916015624693377 0.5800516894904459 0.916015624693377 0.5667390270700636 0.9228515625511039 0.5515245573248407 0.9443359378577268 0.5553281751592357 0.9580078127555193 0.5800516894904459 0.9707031251022077 0.5971679681528662 0.9716796876533116 0.6047752038216561 0.9677734374488961 0.6009715859872611 0.9560546876533116
0 0.5553281751592357 0.711914062142273 0.5496227484076434 0.7089843753066231 0.5306046608280255 0.7089843753066231 0.5248992340764331 0.7177734374488961 0.5344082770700638 0.7226562502044154 0.5515245573248407 0.7216796876533115 0.5591317929936306 0.7177734374488961 0.5553281751592357 0.711914062142273
0 0.3575400573248408 0.7958984374488961 0.3651472929936306 0.7685546876533115 0.3556382484076433 0.7636718748977923 0.3480310143312102 0.7636718748977923 0.33281654299363056 0.7714843753066231 0.3099948375796178 0.7714843753066231 0.29478036624203824 0.78125 0.28336951433121016 0.78125 0.27386046974522293 0.7861328127555192 0.28336951433121016 0.7929687497955846 0.2985839840764331 0.7929687497955846 0.3080930286624204 0.7998046876533115 0.3080930286624204 0.8095703123466885 0.3195038821656051 0.8095703123466885 0.3404237786624204 0.8046874995911693 0.3575400573248408 0.7958984374488961
0 0.3917726162420382 0.7158203123466885 0.36324548407643314 0.7089843753066231 0.3480310143312102 0.7089843753066231 0.33471835191082805 0.7177734374488961 0.338521969745223 0.727539062142273 0.3518346305732484 0.734375 0.38036176433121016 0.7353515625511039 0.39937985191082803 0.727539062142273 0.3917726162420382 0.7158203123466885
0 0.48876486624203824 0.6699218748977923 0.44692507165605094 0.6699218748977923 0.4450232627388535 0.680664062142273 0.47164858598726117 0.6923828127555192 0.47164858598726117 0.696289062142273 0.5039793359872612 0.7070312502044154 0.5134883805732484 0.7060546876533115 0.5325064681528663 0.6884765625511039 0.48876486624203824 0.6699218748977923
0 0.4145943216560509 0.34472656255110384 0.4183979394904458 0.32714843744889616 0.41269251273885355 0.3242187497955846 0.40128166082802547 0.32226562469337694 0.38987080732484075 0.33398437530662306 0.3746563375796178 0.33398437530662306 0.3689509108280255 0.3369140621422731 0.3689509108280255 0.34472656255110384 0.35373643949044586 0.3505859378577269 0.35373643949044586 0.3544921872444808 0.3594418662420382 0.3574218748977923 0.37275452866242037 0.35644531234668847 0.42220155732484077 0.3525390621422731 0.4145943216560509 0.34472656255110384