0 0.6347165667189953 0.846679687443541 0.6296252574568288 0.8339843748870822 0.6126542260596546 0.8320312502258356 0.5956831946624804 0.84375 0.5821063704866563 0.8398437497741644 0.566832442700157 0.8427734372177055 0.5702266483516484 0.8486328121047877 0.6092600204081633 0.8710937497741644 0.6245339481946625 0.8701171878952123 0.6211397425431712 0.856445312556459 0.6347165667189953 0.846679687443541
0 0.6245339481946625 0.793945312556459 0.6279281538461539 0.784179687443541 0.6228368445839875 0.78125 0.6092600204081633 0.7773437497741644 0.5838034725274726 0.7861328121047877 0.5804092668759812 0.8017578121047877 0.5888947833594976 0.8066406251129178 0.6058658131868132 0.8066406251129178 0.6296252574568288 0.8144531246612466 0.6381107723704866 0.8134765627822945 0.6415049795918367 0.8017578121047877 0.6245339481946625 0.793945312556459
0 0.30547856200941914 0.7666015627822945 0.3309351083202512 0.7558593748870822 0.33263221193092624 0.7509765627822945 0.3037814583987441 0.7382812502258356 0.24607995290423862 0.7285156251129178 0.24098864364207223 0.731445312556459 0.24777705494505492 0.7412109376693766 0.24098864364207223 0.7509765627822945 0.24438284929356358 0.7724609376693766 0.2664451899529042 0.7753906251129178 0.27662780847723706 0.78125 0.29529594348508637 0.7802734372177055 0.30547856200941914 0.7744140623306234 0.30547856200941914 0.7666015627822945
0 0.251171262166405 0.700195312556459 0.2647480863422292 0.6962890623306234 0.25795967346938775 0.6826171878952123 0.27153649921507067 0.674804687443541 0.2664451899529042 0.6679687497741644 0.24947415855573 0.6679687497741644 0.2274118178963893 0.6884765627822945 0.20704658084772373 0.6962890623306234 0.21044078649921508 0.706054687443541 0.2308060251177394 0.7099609376693766 0.2172291993720565 0.721679687443541 0.22571471428571427 0.7265625004516713 0.23759443642072214 0.7255859376693766 0.26135388069073784 0.7080078121047877 0.251171262166405 0.700195312556459
0 0.6109571240188383 0.684570312556459 0.593986092621664 0.6767578121047877 0.5905918854003139 0.6669921878952123 0.5719237519623234 0.6621093748870822 0.565135339089482 0.6542968753387534 0.5413758948194662 0.6582031246612466 0.5328903799058085 0.6630859376693766 0.5447701020408163 0.6953125004516713 0.565135339089482 0.6933593748870822 0.5753179576138148 0.6972656251129178 0.6075629167974882 0.6982421878952123 0.6143513296703297 0.6943359376693766 0.6109571240188383 0.684570312556459
0 0.42088157299843015 0.6943359376693766 0.43276129513343803 0.6933593748870822 0.4412468116169545 0.684570312556459 0.4293670894819467 0.6757812502258356 0.407304748822606 0.6923828121047877 0.40391054317111463 0.684570312556459 0.41409316169544746 0.6611328121047877 0.4022134395604396 0.65625 0.3597858618524333 0.6728515627822945 0.35808875824175823 0.6855468753387534 0.34451193406593406 0.6835937497741644 0.33263221193092624 0.690429687443541 0.3513003453689168 0.6992187497741644 0.3784539952904239 0.6953125004516713 0.3988192339089482 0.7128906251129178 0.4106989544740973 0.7119140623306234 0.4242757802197802 0.7080078121047877 0.42088157299843015 0.6943359376693766
0 0.36827137676609106 0.7167968753387534 0.3513003453689168 0.7207031246612466 0.2986901491365777 0.7197265627822945 0.3037814583987441 0.7324218753387534 0.3309351083202512 0.7382812502258356 0.3513003453689168 0.7363281246612466 0.35808875824175823 0.7402343748870822 0.3699684803767661 0.7392578121047877 0.37336268602825745 0.731445312556459 0.36827137676609106 0.7167968753387534
0 0.3190553861852433 0.622070312556459 0.3224495934065934 0.612304687443541 0.317358284144427 0.609375 0.30717566405023544 0.609375 0.29359883987441127 0.6152343748870822 0.27662780847723706 0.6015625004516713 0.2664451899529042 0.6015625004516713 0.2308060251177394 0.6162109376693766 0.251171262166405 0.6396484372177055 0.251171262166405 0.6474609376693766 0.25626257142857145 0.6503906251129178 0.2681422935635793 0.6494140623306234 0.30038725274725275 0.6289062502258356 0.3190553861852433 0.622070312556459
0 0.2308060251177394 0.6240234372177055 0.2342002307692308 0.5947265627822945 0.22571471428571427 0.5898437497741644 0.21892630298273155 0.5898437497741644 0.20534947723704866 0.6015625004516713 0.1883784458398744 0.5976562502258356 0.1781958273155416 0.5996093748870822 0.16971031240188383 0.6162109376693766 0.15273928100470957 0.622070312556459 0.157830590266876 0.6328125004516713 0.20534947723704866 0.6308593748870822 0.2121378901098901 0.6269531246612466 0.21892630298273155 0.6328125004516713 0.22401761224489797 0.6318359376693766 0.23759443642072214 0.627929687443541 0.2308060251177394 0.6240234372177055
0 0.3190553861852433 0.4775390623306234 0.3360264175824176 0.4736328121047877 0.32414669544740976 0.4433593748870822 0.3105698712715856 0.44140625022583563 0.30038725274725275 0.4472656251129178 0.2834162213500785 0.4453125004516712 0.24438284929356358 0.45410156278229447 0.24777705494505492 0.4638671878952123 0.2308060251177394 0.46972656278229447 0.23589733437990582 0.47656250045167126 0.2664451899529042 0.47851562511291784 0.30038725274725275 0.49023437488708216 0.315661180533752 0.4892578121047877 0.32584379905808475 0.4814453125564589 0.3190553861852433 0.4775390623306234
0 0.5685295447409733 0.4863281246612466 0.5871976797488225 0.4814453125564589 0.5871976797488225 0.4736328121047877 0.566832442700157 0.46777343721770553 0.5702266483516484 0.45800781210478775 0.5617411334379906 0.453125 0.5193135541601256 0.4599609376693767 0.5091309356357927 0.4794921878952123 0.5125251428571429 0.4873046874435411 0.5227077613814757 0.4873046874435411 0.5311932762951335 0.484375 0.5685295447409733 0.4863281246612466
0 0.5787121632653062 0.5742187497741644 0.5871976797488225 0.5673828121047877 0.566832442700157 0.5576171878952123 0.5617411334379906 0.5507812502258356 0.5481643076923076 0.5507812502258356 0.5176164521193093 0.5644531246612466 0.5040396263736263 0.5625 0.4921599042386185 0.5693359376693766 0.5074338335949764 0.5859374995483287 0.524404863422292 0.5917968753387534 0.5430729984301413 0.590820312556459 0.5481643076923076 0.578125 0.5787121632653062 0.5742187497741644
0 0.39203082103610676 0.6503906251129178 0.41409316169544746 0.6474609376693766 0.4106989544740973 0.637695312556459 0.42088157299843015 0.627929687443541 0.41409316169544746 0.6240234372177055 0.41409316169544746 0.6142578121047877 0.42088157299843015 0.6083984372177055 0.4123960580847723 0.6015625004516713 0.3784539952904239 0.6015625004516713 0.3462090361067504 0.6201171878952123 0.3462090361067504 0.6318359376693766 0.33263221193092624 0.6396484372177055 0.33263221193092624 0.6455078121047877 0.3479061397174254 0.6523437497741644 0.3631800675039246 0.6513671878952123 0.3750597896389325 0.6464843748870822 0.39203082103610676 0.6503906251129178
0 0.5498614113029828 0.5302734372177055 0.5447701020408163 0.5273437497741644 0.524404863422292 0.5273437497741644 0.5108280392464678 0.5195312502258356 0.4904628021978022 0.5195312502258356 0.4751888728414443 0.5263671878952123 0.4700975635792779 0.5351562502258356 0.44803522448979594 0.534179687443541 0.45312653375196227 0.5429687497741644 0.47349177080062793 0.5429687497741644 0.48367438932496076 0.5390625004516713 0.4904628021978022 0.5410156251129178 0.4921599042386185 0.5517578121047877 0.5057367299843014 0.559570312556459 0.5464672040816326 0.534179687443541 0.5498614113029828 0.5302734372177055
0 0.5277990706436421 0.1601562502258356 0.5261019670329671 0.1533203125564589 0.5074338335949764 0.14843749954832883 0.49894831711146 0.1572265627822945 0.5227077613814757 0.1806640623306233 0.5311932762951335 0.1835937497741644 0.5566498241758242 0.18261718789521228 0.5566498241758242 0.1630859376693767 0.5277990706436421 0.1601562502258356
0 0.37675689324960754 0.2216796874435411 0.35299744897959184 0.21386718789521228 0.3563916546310832 0.20800781210478772 0.3462090361067504 0.1943359376693767 0.35299744897959184 0.1806640623306233 0.34451193406593406 0.1738281246612466 0.3275409026687598 0.1757812502258356 0.3224495934065934 0.1845703125564589 0.30717566405023544 0.1914062502258356 0.28171911773940345 0.1904296874435411 0.2783249120879121 0.1943359376693767 0.2919017362637363 0.2001953125564589 0.28850753061224493 0.2119140623306233 0.2681422935635793 0.2197265627822945 0.27662780847723706 0.22656250045167117 0.29359883987441127 0.22851562511291781 0.3105698712715856 0.2167968753387534 0.3309351083202512 0.2167968753387534 0.3513003453689168 0.234375 0.3631800675039246 0.2333984372177055 0.37675689324960754 0.2275390623306233 0.37675689324960754 0.2216796874435411
0 0.3903337174254317 0.1962890623306233 0.3954250266875981 0.19335937488708219 0.40560764521193093 0.19726562511291781 0.42088157299843015 0.1943359376693767 0.434458398744113 0.18261718789521228 0.4293670894819467 0.1757812502258356 0.41918447095761385 0.1738281246612466 0.4123960580847723 0.17968749954832883 0.3954250266875981 0.171875 0.3699684803767661 0.1728515627822945 0.3699684803767661 0.1845703125564589 0.3563916546310832 0.2001953125564589 0.3631800675039246 0.21386718789521228 0.37675689324960754 0.2158203125564589 0.3903337174254317 0.21386718789521228 0.3903337174254317 0.1962890623306233
0 0.2172291993720565 0.2275390623306233 0.2172291993720565 0.2197265627822945 0.2342002307692308 0.21386718789521228 0.2342002307692308 0.2041015627822945 0.24098864364207223 0.2001953125564589 0.24098864364207223 0.1884765627822945 0.22910892150706438 0.18164062511291781 0.20534947723704866 0.1835937497741644 0.19516685871271586 0.19726562511291781 0.1883784458398744 0.19726562511291781 0.17480162166405025 0.1875 0.16292189952904237 0.1943359376693767 0.17649872527472527 0.2099609376693767 0.16631610518053375 0.2177734372177055 0.16631610518053375 0.2255859376693767 0.1866813437990581 0.23144531255645892 0.1731045180533752 0.2412109376693767 0.1781958273155416 0.24609374977416437 0.1968639623233909 0.24511718789521225 0.23759443642072214 0.2333984372177055 0.2172291993720565 0.2275390623306233
0 0.2783249120879121 0.2841796874435411 0.2647480863422292 0.28027343721770553 0.2647480863422292 0.27050781210478775 0.24947415855573 0.26171874977416437 0.22910892150706438 0.2675781246612466 0.19516685871271586 0.26953125022583563 0.17649872527472527 0.28027343721770553 0.17649872527472527 0.28613281210478775 0.18498424018838305 0.2910156251129178 0.2274118178963893 0.30175781210478775 0.20025816797488227 0.31152343721770553 0.20874368445839875 0.3203125004516712 0.2274118178963893 0.3193359376693767 0.28171911773940345 0.2939453125564589 0.2783249120879121 0.2841796874435411
0 0.366574273155416 0.3720703125564589 0.35299744897959184 0.35449218789521225 0.32075248979591836 0.33203125022583563 0.31396407692307693 0.33203125022583563 0.3105698712715856 0.3378906251129178 0.2630509843014129 0.3359374995483288 0.25456546781789635 0.34277343721770553 0.25456546781789635 0.35449218789521225 0.27153649921507067 0.3662109376693767 0.2647480863422292 0.3818359376693767 0.2698393956043956 0.3847656251129178 0.3088727676609105 0.38574218789521225 0.3275409026687598 0.3769531246612466 0.366574273155416 0.3720703125564589
0 0.5142222448979592 0.4140625004516712 0.5481643076923076 0.4140625004516712 0.5532556169544741 0.40722656278229447 0.5362845855572999 0.3974609376693767 0.5362845855572999 0.38574218789521225 0.524404863422292 0.3828125004516712 0.5074338335949764 0.390625 0.4904628021978022 0.38671874977416437 0.47349177080062793 0.3730468753387534 0.4395497080062794 0.3730468753387534 0.4242757802197802 0.3818359376693767 0.42766998587127153 0.3994140623306233 0.4700975635792779 0.4160156251129178 0.4853714929356358 0.4150390623306233 0.49385700784929354 0.4082031246612466 0.5142222448979592 0.4140625004516712
0 0.4242757802197802 0.2744140623306233 0.43615550235478806 0.2636718753387534 0.45312653375196227 0.265625 0.4633091522762951 0.2714843748870822 0.4768859764521193 0.2714843748870822 0.4853714929356358 0.26660156278229447 0.4768859764521193 0.2578125004516712 0.4514294301412873 0.25488281210478775 0.45821784301412877 0.24511718789521225 0.4463381208791209 0.2402343748870822 0.43615550235478806 0.24218749954832883 0.4242757802197802 0.25097656278229447 0.43276129513343803 0.2558593748870822 0.44803522448979594 0.2568359376693767 0.43615550235478806 0.2578125004516712 0.42597288383045523 0.2636718753387534 0.40900185243328097 0.26171874977416437 0.3784539952904239 0.25 0.3784539952904239 0.2636718753387534 0.34281483045525907 0.2685546874435411 0.3513003453689168 0.28125 0.38863661381475667 0.2753906251129178 0.40391054317111463 0.28027343721770553 0.40051633594976455 0.2900390623306233 0.40560764521193093 0.29296874977416437 0.4174873673469388 0.29199218789521225 0.4310641930926217 0.2880859376693767 0.4242757802197802 0.2744140623306233
0 0.49555411145996864 0.3056640623306233 0.5532556169544741 0.2939453125564589 0.5532556169544741 0.2880859376693767 0.5413758948194662 0.2832031246612466 0.5311932762951335 0.28515625022583563 0.5294961726844584 0.2783203125564589 0.5176164521193093 0.2734374995483288 0.4921599042386185 0.2783203125564589 0.4785830800627943 0.29785156278229447 0.4785830800627943 0.3037109376693767 0.48876569858712715 0.3056640623306233 0.48876569858712715 0.31152343721770553 0.5125251428571429 0.31738281210478775 0.5159193485086342 0.31152343721770553 0.49555411145996864 0.3056640623306233