0 0.3094800292758089 0.32617187510271156 0.3186362434514638 0.3193359375513558 0.3186362434514638 0.29785156285949055 0.31314251463790443 0.29492187510271156 0.3021550585516179 0.296875 0.2911676009244992 0.30468750041084636 0.2765176594761171 0.3027343746918652 0.25637398921417565 0.30761718734593263 0.25454274576271185 0.3242187502054232 0.29666132973805853 0.32714843714050945 0.3058175439137134 0.3242187502054232 0.3094800292758089 0.32617187510271156
0 0.3589235839753467 0.36425781265406737 0.3589235839753467 0.36035156285949055 0.3351174283513097 0.3554687502054232 0.3369486718027735 0.3505859375513558 0.3241299722650231 0.3476562497945768 0.31314251463790443 0.3398437502054232 0.29666132973805853 0.34277343714050945 0.292998844375963 0.35449218734593263 0.2783489029275809 0.36035156285949055 0.28567387365177194 0.37402343714050945 0.2948300878274268 0.3789062497945768 0.30764878582434513 0.37792968775677893 0.3204674853620955 0.3691406253081348 0.3589235839753467 0.36425781265406737
0 0.6043101171032358 0.38964843714050945 0.6043101171032358 0.38574218734593263 0.5933226594761171 0.3818359375513558 0.6043101171032358 0.37207031224322107 0.5951539029275809 0.3652343746918652 0.5768414745762712 0.3652343746918652 0.554866560862866 0.37304687510271156 0.5365541340523883 0.3710937502054232 0.5237354345146379 0.37597656285949055 0.5200729491525424 0.38964843714050945 0.53838537596302 0.3974609375513558 0.5420478613251155 0.40332031224322107 0.5475415901386749 0.40625 0.5713477473035439 0.40527343714050945 0.5768414745762712 0.3964843746918652 0.6043101171032358 0.38964843714050945
0 0.41752335285053926 0.5166015628594905 0.4211858382126348 0.4912109375513558 0.41569211093990754 0.4882812497945769 0.40470465331278893 0.4882812497945769 0.37174228351309707 0.5039062497945769 0.3570923420647149 0.4960937502054231 0.3424423990755008 0.4941406253081348 0.3149737580893683 0.5087890624486442 0.3186362434514638 0.5205078126540673 0.3442736425269646 0.5263671873459327 0.3515986132511556 0.5361328126540673 0.3479361278890601 0.5439453122432211 0.35342985670261945 0.546875 0.36624855469953776 0.5458984371405095 0.36991104160246535 0.5380859375513558 0.41752335285053926 0.5166015628594905
0 0.554866560862866 0.5625 0.5603602896764253 0.5537109375513558 0.5420478613251155 0.5478515628594905 0.5420478613251155 0.5341796877567789 0.5365541340523883 0.53125 0.5219041910631741 0.5292968751027116 0.5109167349768875 0.5214843746918653 0.4962667919876734 0.5214843746918653 0.48711057935285057 0.5361328126540673 0.4687981510015408 0.5439453122432211 0.4687981510015408 0.5517578126540673 0.48161685053929126 0.5605468751027116 0.5237354345146379 0.5654296877567789 0.5292291633281971 0.5625 0.554866560862866 0.5625
0 0.2911676009244992 0.5898437502054231 0.3039863004622496 0.5830078126540673 0.292998844375963 0.5693359375513558 0.3039863004622496 0.5595703122432211 0.3039863004622496 0.5537109375513558 0.28384263020030814 0.5488281248972884 0.2655302033898305 0.5546875004108464 0.23989280431432972 0.5429687502054231 0.22524286132511556 0.546875 0.2197491340523883 0.5537109375513558 0.19777422033898304 0.5615234371405095 0.19411173497688752 0.5673828126540673 0.2197491340523883 0.5732421873459327 0.22707410477657936 0.5810546877567789 0.22341161941448384 0.5869140624486442 0.23256783204930662 0.5917968751027116 0.25637398921417565 0.5947265628594905 0.26919268875192603 0.5898437502054231 0.2911676009244992 0.5898437502054231
0 0.5090854915254237 0.6279296877567789 0.5054230061633281 0.6181640624486442 0.5127479784283513 0.6044921873459327 0.507254249614792 0.6015624995891536 0.4852793359013867 0.6035156253081347 0.4633044221879815 0.5976562497945769 0.4541482095531587 0.6005859375513558 0.4431607519260401 0.6162109375513558 0.44682323728813556 0.6279296877567789 0.4687981510015408 0.6376953122432211 0.4779543651771957 0.6464843746918653 0.4980980354391371 0.6455078126540673 0.4980980354391371 0.6337890624486442 0.5090854915254237 0.6279296877567789
0 0.3003238151001541 0.6923828126540673 0.28018014483821263 0.6835937502054231 0.2472177750385208 0.6855468751027116 0.22341161941448384 0.7001953122432211 0.2307365901386749 0.7138671873459327 0.21059291987673343 0.7167968751027116 0.20876167642526963 0.7216796877567789 0.2783489029275809 0.7294921873459327 0.3003238151001541 0.7021484371405095 0.3003238151001541 0.6923828126540673
0 0.4230170816640986 0.7089843746918653 0.43949826656394453 0.7021484371405095 0.43949826656394453 0.6982421873459327 0.42667956702619414 0.6933593746918653 0.40836713867488444 0.6972656253081347 0.3955484406779661 0.6884765628594905 0.4028734114021572 0.6806640624486442 0.39921092604006164 0.6748046877567789 0.3937171972265023 0.671875 0.37906725423728815 0.671875 0.36991104160246535 0.6767578126540673 0.37357352696456086 0.6845703122432211 0.36807979815100156 0.6875 0.35342985670261945 0.6816406253081347 0.3369486718027735 0.6845703122432211 0.3369486718027735 0.6943359375513558 0.3442736425269646 0.7001953122432211 0.3332861848998459 0.7099609375513558 0.3607548274268105 0.7128906253081347 0.37174228351309707 0.7070312497945769 0.38089849768875195 0.7099609375513558 0.38639222650231125 0.71875 0.3955484406779661 0.7177734371405095 0.3973796825885978 0.7070312497945769 0.4230170816640986 0.7089843746918653
0 0.18495552080123268 0.8339843746918653 0.1703055778120185 0.8339843746918653 0.1629806070878274 0.8398437502054231 0.15199315100154084 0.8378906253081347 0.14100569337442218 0.8300781248972884 0.12269326656394454 0.8320312497945769 0.1171995377503852 0.8349609375513558 0.12086202311248075 0.8525390624486442 0.13734320801232663 0.8574218751027116 0.14466817873651772 0.8652343746918654 0.1611493651771957 0.8642578126540674 0.19044924807395994 0.8369140624486442 0.18495552080123268 0.8339843746918653
0 0.5951539029275809 0.890625 0.6006476302003082 0.8837890624486442 0.5914914175654854 0.8789062497945768 0.578672718027735 0.877929687756779 0.578672718027735 0.872070312243221 0.5695165038520802 0.8652343746918654 0.554866560862866 0.8632812497945768 0.5402166194144838 0.8671875004108462 0.5347228906009245 0.8642578126540674 0.53838537596302 0.8583984371405096 0.5292291633281971 0.8515624995891538 0.5145792203389831 0.8515624995891538 0.4926043066255778 0.859375 0.45964193682588594 0.8554687502054232 0.42851081047765793 0.8701171873459326 0.42851081047765793 0.8818359375513558 0.44132951001540827 0.8925781248972884 0.46513566563944525 0.8896484371405096 0.4633044221879815 0.8691406253081346 0.4944355500770416 0.877929687756779 0.4962667919876734 0.890625 0.5255666764252697 0.8925781248972884 0.5365541340523883 0.8984375004108462 0.5530353189522342 0.8974609375513558 0.5658540184899846 0.890625 0.5951539029275809 0.890625
0 0.4560862865947612 0.2276088742810189 0.423728813559322 0.22596548890714874 0.41448382126348227 0.22925225965488907 0.41756548536209553 0.2399342645850452 0.4083204930662558 0.24897288414133115 0.4206471494607088 0.25883319638455216 0.4576271186440678 0.2580115036976171 0.4699537750385208 0.2637633525061627 0.522342064714946 0.24732949876746096 0.5238828967642527 0.24239934264585045 0.5161787365177196 0.23746918652423993 0.49768875192604006 0.23829087921117503 0.4930662557781202 0.23582580115036977 0.49768875192604006 0.22350041084634348 0.4884437596302003 0.21774856203779785 0.48073959938366717 0.21774856203779785 0.46841294298921415 0.21939194741166804 0.4560862865947612 0.2276088742810189
0 0.39445300462249616 0.27937551355792933 0.4036979969183359 0.2826622843056697 0.39599383667180277 0.2900575184880855 0.4036979969183359 0.30238290879211177 0.4345146379044684 0.30238290879211177 0.4391371340523883 0.29663105998356615 0.44684129429892144 0.29663105998356615 0.4576271186440678 0.30484798685291703 0.4699537750385208 0.3073130649137223 0.4776579352850539 0.30238290879211177 0.4761171032357473 0.2736236647493837 0.45454545454545453 0.2736236647493837 0.4391371340523883 0.2777321281840592 0.41910631741140214 0.2654067378800329 0.41448382126348227 0.2654067378800329 0.39445300462249616 0.2744453574363188 0.39445300462249616 0.27937551355792933
0 0.21571648690292758 0.2514379622021364 0.21417565485362094 0.2637633525061627 0.20030816640986132 0.27115858668857845 0.20184899845916796 0.27608874281018897 0.21571648690292758 0.2818405916187346 0.22342064714946072 0.27855382087099423 0.2665639445300462 0.28019720624486444 0.28043143297380585 0.2777321281840592 0.28659476117103233 0.2645850451930978 0.275808936825886 0.25472473294987674 0.275808936825886 0.24732949876746096 0.2588597842835131 0.24815119145439607 0.25115562403698 0.2407559572719803 0.2465331278890601 0.2407559572719803 0.23420647149460708 0.24815119145439607 0.21571648690292758 0.2514379622021364
0 0.2465331278890601 0.37880032867707475 0.23266563944530047 0.3861955628594905 0.22033898305084745 0.38701725554642563 0.2172573189522342 0.3886606409202958 0.21879815100154082 0.39687756778964667 0.2280431432973806 0.40427280197206245 0.2295839753466872 0.4133114215283484 0.23266563944530047 0.4141331142152835 0.23882896764252695 0.41248972884141333 0.25115562403698 0.41248972884141333 0.2526964560862866 0.4108463434675431 0.2665639445300462 0.41248972884141333 0.2711864406779661 0.40920295809367296 0.27889060092449924 0.40838126540673786 0.28197226502311246 0.4108463434675431 0.288135593220339 0.40838126540673786 0.288135593220339 0.40016433853738703 0.29121725731895226 0.3985209531635168 0.29583975346687214 0.3985209531635168 0.300462249614792 0.3935907970419063 0.300462249614792 0.38373048479868527 0.29892141756548535 0.3820870994248151 0.2850539291217257 0.3829087921117502 0.275808936825886 0.38126540673788 0.2727272727272727 0.37962202136400985 0.2711864406779661 0.37551355792933444 0.2696456086286595 0.37551355792933444 0.26040061633281975 0.37880032867707475 0.2465331278890601 0.37880032867707475
0 0.47303543913713403 0.7740345110928513 0.47303543913713403 0.7863599013968776 0.46687211093990755 0.7937551355792933 0.46687211093990755 0.7986852917009039 0.47303543913713403 0.8044371405094495 0.47303543913713403 0.8151191454396056 0.4776579352850539 0.8175842235004108 0.4776579352850539 0.8208709942481512 0.48073959938366717 0.8225143796220213 0.48536209553158705 0.8208709942481512 0.4930662557781202 0.8225143796220213 0.49922958397534667 0.8258011503697618 0.49922958397534667 0.828266228430567 0.514637904468413 0.828266228430567 0.5285053929121726 0.8225143796220213 0.5408320493066255 0.8110106820049302 0.5546995377503852 0.8027937551355793 0.5562403697996918 0.7863599013968776 0.5454545454545454 0.7732128184059162 0.5362095531587057 0.772391125718981 0.5285053929121726 0.7674609695973705 0.5161787365177196 0.7633525061626951 0.5130970724191063 0.7649958915365653 0.5100154083204931 0.7633525061626951 0.50231124807396 0.7633525061626951 0.49922958397534667 0.7633525061626951 0.4884437596302003 0.7658175842235004 0.47303543913713403 0.7740345110928513
0 0.33281972265023113 0.8208709942481512 0.337442218798151 0.8331963845521775 0.32819722650231126 0.8397699260476582 0.32973805855161786 0.847986852917009 0.33436055469953774 0.8496302382908792 0.3605546995377504 0.8496302382908792 0.36517719568567025 0.8529170090386196 0.3682588597842835 0.8520953163516845 0.3728813559322034 0.8537387017255547 0.37596302003081666 0.8611339359079704 0.38366718027734975 0.8660640920295809 0.39907550077041604 0.866885784716516 0.4052388289676425 0.8644207066557108 0.4067796610169492 0.857025472473295 0.4036979969183359 0.8520953163516845 0.39599383667180277 0.8512736236647493 0.3913713405238829 0.8488085456039441 0.3898305084745763 0.8373048479868529 0.39445300462249616 0.8331963845521775 0.41140215716486905 0.8299096138044372 0.41448382126348227 0.8266228430566968 0.41140215716486905 0.8184059161873459 0.40215716486902925 0.8175842235004108 0.3898305084745763 0.8200493015612161 0.38366718027734975 0.8249794576828267 0.38366718027734975 0.8307313064913723 0.37750385208012327 0.8323746918652424 0.3682588597842835 0.8290879211175021 0.3713405238828968 0.8258011503697618 0.36363636363636365 0.8233360723089564 0.362095531587057 0.8175842235004108 0.3574730354391371 0.8151191454396056 0.34514637904468415 0.8151191454396056 0.33436055469953774 0.8184059161873459 0.33281972265023113 0.8208709942481512
0 0.35285053929121724 0.7855382087099425 0.3436055469953775 0.7863599013968776 0.3405238828967643 0.7888249794576828 0.337442218798151 0.7855382087099425 0.33436055469953774 0.7863599013968776 0.3312788906009245 0.7847165160230074 0.3312788906009245 0.7830731306491372 0.325115562403698 0.7830731306491372 0.31432973805855163 0.7863599013968776 0.3035439137134052 0.7814297452752671 0.29583975346687214 0.7822514379622021 0.29121725731895226 0.7871815940838126 0.29121725731895226 0.790468364831553 0.28197226502311246 0.7921117502054231 0.275808936825886 0.7962202136400987 0.27889060092449924 0.8044371405094495 0.2835130970724191 0.8060805258833197 0.2942989214175655 0.8060805258833197 0.29892141756548535 0.8110106820049302 0.3020030816640986 0.8110106820049302 0.31278890600924497 0.8167625308134757 0.3204930662557781 0.8249794576828267 0.3266563944530046 0.8258011503697618 0.33436055469953774 0.8241577649958916 0.34668721109399075 0.8134757600657354 0.35285053929121724 0.8126540673788003 0.35901386748844377 0.80936729663106 0.3790446841294299 0.80936729663106 0.38366718027734975 0.8060805258833197 0.38366718027734975 0.8003286770747741 0.3790446841294299 0.7978635990139687 0.38366718027734975 0.7822514379622021 0.3697996918335901 0.7789646672144618 0.3667180277349769 0.7789646672144618 0.362095531587057 0.7797863599013969 0.35285053929121724 0.7855382087099425
0 0.15716486902927582 0.770747740345111 0.14637904468412943 0.7773212818405916 0.14329738058551617 0.7830731306491372 0.13559322033898305 0.7871815940838126 0.1263482280431433 0.7896466721446179 0.12480739599383667 0.7945768282662284 0.13097072419106318 0.799506984387839 0.14021571648690292 0.8019720624486442 0.1617873651771957 0.799506984387839 0.17873651771956856 0.8003286770747741 0.1926040061633282 0.8027937551355793 0.19722650231124808 0.8011503697617092 0.20955315870570107 0.8003286770747741 0.21879815100154082 0.7953985209531635 0.2280431432973806 0.7880032867707477 0.22650231124807396 0.7748562037797864 0.2218798151001541 0.7715694330320461 0.2218798151001541 0.7674609695973705 0.21571648690292758 0.7666392769104355 0.2110939907550077 0.7682826622843056 0.2049306625577812 0.7666392769104355 0.20030816640986132 0.761709120788825 0.1926040061633282 0.7592440427280197 0.18489984591679506 0.7592440427280197 0.17565485362095531 0.7674609695973705 0.15716486902927582 0.770747740345111
0 0.2655302033898305 0.9003906253081346 0.3094800292758089 0.8984375004108462 0.3186362434514638 0.8916015628594904 0.3149737580893683 0.8837890624486442 0.3296236995377504 0.8798828126540674 0.3332861848998459 0.872070312243221 0.3241299722650231 0.8671875004108462 0.3094800292758089 0.8671875004108462 0.2948300878274268 0.8730468751027116 0.28018014483821263 0.8730468751027116 0.26736144530046224 0.862304687756779 0.26369895993836673 0.8505859375513558 0.25454274576271185 0.8476562497945768 0.24355528967642529 0.8496093746918654 0.23806156086286592 0.8525390624486442 0.23806156086286592 0.8603515628594904 0.24538653158705698 0.8662109375513558 0.2343990755007704 0.8701171873459326 0.23806156086286592 0.8818359375513558 0.2197491340523883 0.8916015628594904 0.2197491340523883 0.8994140624486442 0.2289053466872111 0.9042968751027116 0.2417240462249615 0.9052734371405096 0.25454274576271185 0.8964843746918654 0.2655302033898305 0.9003906253081346
0 0.2357473035439137 0.9120788824979458 0.22342064714946072 0.9161873459326212 0.2110939907550077 0.9260476581758422 0.2172573189522342 0.9350862777321282 0.2280431432973806 0.9375513557929335 0.23112480739599384 0.942481511914544 0.22033898305084745 0.9498767460969597 0.21571648690292758 0.9490550534100246 0.2033898305084746 0.9539852095316351 0.20030816640986132 0.9671322925225966 0.20647149460708783 0.9737058340180772 0.22033898305084745 0.9778142974527527 0.22496147919876733 0.9819227608874281 0.22033898305084745 0.9852095316351684 0.22033898305084745 0.9893179950698439 0.2280431432973806 0.9917830731306492 0.24345146379044685 0.990139687756779 0.2526964560862866 0.9794576828266228 0.2650231124807396 0.9695973705834018 0.2696456086286595 0.9687756778964667 0.2573189522342065 0.9548069022185702 0.27426810477657937 0.9457682826622843 0.2896764252696456 0.9433032046014791 0.29583975346687214 0.9400164338537387 0.28659476117103233 0.9334428923582581 0.288135593220339 0.923582580115037 0.28043143297380585 0.9194741166803615 0.2850539291217257 0.9170090386195563 0.3020030816640986 0.9153656532456861 0.300462249614792 0.9120788824979458 0.29121725731895226 0.9071487263763353 0.275808936825886 0.903861955628595 0.2665639445300462 0.903861955628595 0.2526964560862866 0.9112571898110107 0.2357473035439137 0.9120788824979458
0 0.4869029275808937 0.7255546425636812 0.4899845916795069 0.7313064913722268 0.4946070878274268 0.7329498767460969 0.4946070878274268 0.7345932621199671 0.5007704160246533 0.7395234182415776 0.49614791987673346 0.743631881676253 0.49768875192604006 0.7469186524239935 0.5053929121725732 0.7510271158586689 0.5238828967642527 0.7543138866064092 0.5269645608628659 0.7534921939194741 0.5423728813559322 0.7543138866064092 0.5546995377503852 0.7510271158586689 0.5562403697996918 0.7502054231717338 0.5546995377503852 0.7411668036154478 0.551617873651772 0.7378800328677074 0.5423728813559322 0.7329498767460969 0.5408320493066255 0.7280197206244864 0.5377503852080123 0.7255546425636812 0.5285053929121726 0.7206244864420707 0.5130970724191063 0.7198027937551356 0.5007704160246533 0.7156943303204601 0.49614791987673346 0.7156943303204601 0.4869029275808937 0.7198027937551356 0.4869029275808937 0.7255546425636812
0 0.39907550077041604 0.7214461791290058 0.39907550077041604 0.7263763352506163 0.4036979969183359 0.7313064913722268 0.4052388289676425 0.7362366474938373 0.41448382126348227 0.7403451109285127 0.4206471494607088 0.7411668036154478 0.43143297380585516 0.7485620377978636 0.4391371340523883 0.7493837304847987 0.4406779661016949 0.7460969597370584 0.44684129429892144 0.741988496302383 0.44838212634822805 0.7354149548069022 0.45454545454545453 0.733771569433032 0.4591679506933744 0.733771569433032 0.4622496147919877 0.7321281840591619 0.46533127889060094 0.7296631059983566 0.46533127889060094 0.7255546425636812 0.4622496147919877 0.7230895645028759 0.4576271186440678 0.7222678718159409 0.43759630200308164 0.7247329498767461 0.4283513097072419 0.7230895645028759 0.41294298921417566 0.7181594083812654 0.4067796610169492 0.7181594083812654 0.40215716486902925 0.7189811010682005 0.39907550077041604 0.7214461791290058
0 0.11248073959938366 0.7255546425636812 0.11556240369799692 0.7395234182415776 0.12018489984591679 0.743631881676253 0.1140215716486903 0.751848808545604 0.12172573189522343 0.7584223500410846 0.12788906009244994 0.7584223500410846 0.13405238828967642 0.7608874281018899 0.1386748844375963 0.7608874281018899 0.14175654853620956 0.7592440427280197 0.17103235747303544 0.7600657354149548 0.17719568567026195 0.7576006573541495 0.18181818181818182 0.7576006573541495 0.1864406779661017 0.752670501232539 0.1941448382126348 0.7493837304847987 0.1987673343605547 0.7444535743631882 0.1987673343605547 0.7387017255546425 0.1941448382126348 0.7345932621199671 0.18952234206471494 0.733771569433032 0.17411402157164868 0.7395234182415776 0.16640986132511557 0.7452752670501233 0.1617873651771957 0.7444535743631882 0.15716486902927582 0.7460969597370584 0.15408320493066255 0.7403451109285127 0.15562403697996918 0.7362366474938373 0.1510015408320493 0.7321281840591619 0.16024653312788906 0.7255546425636812 0.16024653312788906 0.7198027937551356 0.15716486902927582 0.7173377156943304 0.14946070878274267 0.7165160230073953 0.14175654853620956 0.7124075595727198 0.13097072419106318 0.7124075595727198 0.12326656394453005 0.7156943303204601 0.11248073959938366 0.7255546425636812
0 0.22342064714946072 0.5981922760887428 0.2218798151001541 0.6014790468364831 0.22342064714946072 0.6064092029580936 0.2280431432973806 0.608874281018899 0.23882896764252695 0.6096959737058341 0.24345146379044685 0.6121610517666393 0.24499229583975346 0.6195562859490551 0.24191063174114022 0.6269515201314708 0.25115562403698 0.6310599835661462 0.2711864406779661 0.6310599835661462 0.28197226502311246 0.6351684470008216 0.28659476117103233 0.6351684470008216 0.3050847457627119 0.6302382908792111 0.31741140215716485 0.6228430566967954 0.3220338983050847 0.61873459326212 0.3220338983050847 0.6154478225143796 0.3020030816640986 0.610517666392769 0.29892141756548535 0.6031224322103533 0.28659476117103233 0.5949055053410025 0.2696456086286595 0.5940838126540674 0.26194144838212635 0.590797041906327 0.2573189522342065 0.590797041906327 0.2542372881355932 0.5924404272801972 0.24499229583975346 0.5916187345932621 0.24345146379044685 0.590797041906327 0.2280431432973806 0.5957271980279375 0.22342064714946072 0.5981922760887428
0 0.22342064714946072 0.5267050123253904 0.22033898305084745 0.5283483976992605 0.21879815100154082 0.5283483976992605 0.2172573189522342 0.5299917830731307 0.2172573189522342 0.5324568611339359 0.21571648690292758 0.533278553820871 0.21571648690292758 0.5365653245686114 0.20801232665639446 0.5414954806902219 0.20801232665639446 0.5447822514379622 0.21879815100154082 0.5447822514379622 0.2218798151001541 0.5464256368118324 0.22496147919876733 0.5464256368118324 0.2295839753466872 0.5439605587510271 0.23266563944530047 0.543138866064092 0.23728813559322035 0.543138866064092 0.23882896764252695 0.5423171733771569 0.24345146379044685 0.5423171733771569 0.2542372881355932 0.5382087099424815 0.25577812018489987 0.5382087099424815 0.2573189522342065 0.5349219391947412 0.2588597842835131 0.5341002465078061 0.2588597842835131 0.5291700903861956 0.2526964560862866 0.5283483976992605 0.25115562403698 0.5275267050123253 0.24345146379044685 0.5283483976992605 0.24191063174114022 0.5275267050123253 0.23728813559322035 0.5275267050123253 0.23112480739599384 0.5258833196384552 0.2295839753466872 0.5258833196384552 0.2280431432973806 0.5267050123253904 0.22342064714946072 0.5267050123253904
0 0.3389830508474576 0.48315529991783074 0.34822804314329736 0.48233360723089563 0.36363636363636365 0.47000821692686934 0.35901386748844377 0.45850451930977815 0.34668721109399075 0.4560394412489729 0.3420647149460709 0.4560394412489729 0.31587057010785824 0.47000821692686934 0.3389830508474576 0.48315529991783074
0 0.4776579352850539 0.4445357436318817 0.4637904468412943 0.4527526705012325 0.4591679506933744 0.46261298274445356 0.4637904468412943 0.46672144617912903 0.4714946070878274 0.4691865242399343 0.4930662557781202 0.4675431388660641 0.49614791987673346 0.47000821692686934 0.49768875192604006 0.4790468364831553 0.5161787365177196 0.48233360723089563 0.5285053929121726 0.47576006573541496 0.5300462249614792 0.4691865242399343 0.5346687211093991 0.4650780608052588 0.539291217257319 0.46261298274445356 0.5546995377503852 0.46343467543138867 0.5624036979969184 0.4617912900575185 0.5670261941448382 0.45850451930977815 0.5670261941448382 0.45357436318816763 0.5562403697996918 0.4428923582580115 0.5469953775038521 0.4387838948233361 0.5469953775038521 0.43467543138866066 0.551617873651772 0.4313886606409203 0.5485362095531587 0.4264585045193098 0.5439137134052389 0.42810188989317993 0.5285053929121726 0.42810188989317993 0.5238828967642527 0.4305669679539852 0.5115562403697997 0.42892358258011504 0.5007704160246533 0.4313886606409203 0.4930662557781202 0.42810188989317993 0.4899845916795069 0.4231717337715694 0.48536209553158705 0.4231717337715694 0.47919876733436056 0.43467543138866066 0.4776579352850539 0.4445357436318817
0 0.26194144838212635 0.4231717337715694 0.2573189522342065 0.42810188989317993 0.24961479198767333 0.42892358258011504 0.23882896764252695 0.43385373870172556 0.2280431432973806 0.4363188167625308 0.21571648690292758 0.44617912900575185 0.2033898305084746 0.45110928512736237 0.20184899845916796 0.45439605587510273 0.20647149460708783 0.456861133935908 0.2357473035439137 0.45768282662284304 0.2542372881355932 0.45439605587510273 0.2573189522342065 0.4527526705012325 0.26348228043143296 0.4527526705012325 0.2665639445300462 0.4552177485620378 0.28659476117103233 0.45439605587510273 0.29275808936825887 0.45110928512736237 0.2896764252696456 0.4428923582580115 0.2835130970724191 0.44207066557107644 0.27889060092449924 0.4396055875102712 0.2727272727272727 0.43303204601479045 0.27426810477657937 0.42892358258011504 0.28659476117103233 0.4198849630238291 0.28659476117103233 0.41659819227608874 0.28197226502311246 0.4141331142152835 0.27426810477657937 0.4141331142152835 0.2650231124807396 0.4149548069022186 0.26194144838212635 0.4231717337715694
0 0.46687211093990755 0.21364009860312244 0.4699537750385208 0.2161051766639277 0.4761171032357473 0.21692686935086278 0.48073959938366717 0.2161051766639277 0.4946070878274268 0.21857025472473296 0.49922958397534667 0.22103533278553822 0.5007704160246533 0.22350041084634348 0.5038520801232665 0.22267871815940837 0.5177195685670262 0.22350041084634348 0.5192604006163328 0.2218570254724733 0.5238828967642527 0.2218570254724733 0.5285053929121726 0.21939194741166804 0.5315870570107858 0.2152834839769926 0.5377503852080123 0.21364009860312244 0.5485362095531587 0.21446179129005752 0.5531587057010786 0.21281840591618734 0.5500770416024653 0.20870994248151192 0.5408320493066255 0.2029580936729663 0.5300462249614792 0.20049301561216104 0.5238828967642527 0.20049301561216104 0.5161787365177196 0.1972062448644207 0.5069337442218799 0.1972062448644207 0.49768875192604006 0.20131470829909615 0.48536209553158705 0.20049301561216104 0.4745762711864407 0.1972062448644207 0.46841294298921415 0.1972062448644207 0.46533127889060094 0.2029580936729663 0.46687211093990755 0.21364009860312244
0 0.37596302003081666 0.1848808545603944 0.37596302003081666 0.18898931799506985 0.3728813559322034 0.1914543960558751 0.3389830508474576 0.1922760887428102 0.3020030816640986 0.18981101068200493 0.29738058551617874 0.19063270336894 0.2896764252696456 0.19391947411668037 0.288135593220339 0.19638455217748563 0.2896764252696456 0.20460147904683648 0.3020030816640986 0.20542317173377156 0.31124807395993837 0.20788824979457682 0.31278890600924497 0.209531635168447 0.31587057010785824 0.209531635168447 0.31741140215716485 0.20788824979457682 0.31741140215716485 0.21199671322925226 0.32819722650231126 0.21364009860312244 0.337442218798151 0.21446179129005752 0.3405238828967643 0.21281840591618734 0.349768875192604 0.21281840591618734 0.35130970724191063 0.21117502054231718 0.3605546995377504 0.20870994248151192 0.3682588597842835 0.2037797863599014 0.3713405238828968 0.2037797863599014 0.37596302003081666 0.19967132292522596 0.38058551617873654 0.1988496302382909 0.38366718027734975 0.20049301561216104 0.3929121725731895 0.19309778142974526 0.39599383667180277 0.1914543960558751 0.39907550077041604 0.1922760887428102 0.40215716486902925 0.18816762530813474 0.40061633281972264 0.18570254724732949 0.39445300462249616 0.18405916187345933 0.3913713405238829 0.18405916187345933 0.38058551617873654 0.1865242399342646 0.37596302003081666 0.1848808545603944
0 0.5639445300462249 0.26622843056696793 0.5654853620955316 0.27115858668857845 0.576271186440678 0.2744453574363188 0.5870570107858244 0.2752670501232539 0.5947611710323575 0.27937551355792933 0.5978428351309707 0.28348397699260475 0.6024653312788906 0.28594905505341 0.6024653312788906 0.29170090386195563 0.6040061633281972 0.2933442892358258 0.613251155624037 0.2941659819227609 0.6224961479198767 0.2982744453574363 0.6271186440677966 0.2933442892358258 0.6271186440677966 0.28923582580115037 0.6255778120184899 0.2867707477403451 0.6147919876733436 0.2826622843056697 0.6178736517719569 0.27855382087099423 0.613251155624037 0.2769104354971241 0.6101694915254238 0.27198027937551356 0.5993836671802774 0.2654067378800329 0.5855161787365177 0.2654067378800329 0.5778120184899846 0.2629416598192276 0.5747303543913713 0.2629416598192276 0.5654853620955316 0.2645850451930978 0.5639445300462249 0.26622843056696793
0 0.5285053929121726 0.3196384552177486 0.5208012326656395 0.32539030402629415 0.5208012326656395 0.3286770747740345 0.522342064714946 0.3294987674609696 0.5238828967642527 0.33442892358258014 0.5331278890600925 0.3368940016433854 0.539291217257319 0.3360723089564503 0.5469953775038521 0.33278553820870993 0.5500770416024653 0.33278553820870993 0.551617873651772 0.3319638455217749 0.5577812018489985 0.3319638455217749 0.559322033898305 0.3311421528348398 0.5624036979969184 0.3311421528348398 0.5654853620955316 0.3294987674609696 0.5654853620955316 0.32539030402629415 0.5639445300462249 0.3245686113393591 0.5639445300462249 0.32210353327855384 0.5624036979969184 0.32046014790468363 0.5562403697996918 0.3188167625308135 0.5546995377503852 0.3196384552177486 0.5500770416024653 0.3196384552177486 0.5454545454545454 0.3179950698438784 0.539291217257319 0.3179950698438784 0.5331278890600925 0.3196384552177486 0.5285053929121726 0.3196384552177486
0 0.015408320493066256 0.7986852917009039 0.026194144838212634 0.8060805258833197 0.009244992295839754 0.8118323746918652 0.0015408320493066256 0.819227608874281 0.020030816640986132 0.828266228430567 0.04314329738058552 0.8274445357436319 0.04930662557781202 0.8299096138044372 0.046224961479198766 0.838126540673788 0.05546995377503852 0.8496302382908792 0.07550077041602465 0.838126540673788 0.0847457627118644 0.8167625308134757 0.07395993836671803 0.8027937551355793 0.07550077041602465 0.7945768282662284 0.06317411402157165 0.7896466721446179 0.03389830508474576 0.7871815940838126 0.032357473035439135 0.7863599013968776 0.015408320493066256 0.790468364831553 0.015408320493066256 0.7986852917009039
0 0.061633281972265024 0.7732128184059162 0.040061633281972264 0.7814297452752671 0.04314329738058552 0.790468364831553 0.08782742681047766 0.7896466721446179 0.09399075500770417 0.7814297452752671 0.08782742681047766 0.7756778964667215 0.08936825885978428 0.7592440427280197 0.0847457627118644 0.7576006573541495 0.07858243451463791 0.7576006573541495 0.0662557781201849 0.7641741988496302 0.061633281972265024 0.7732128184059162
0 0.2280431432973806 0.8216926869350862 0.23420647149460708 0.8307313064913723 0.24345146379044685 0.8340180772391126 0.2573189522342065 0.8323746918652424 0.2773497688751926 0.8175842235004108 0.2727272727272727 0.8126540673788003 0.2642526964560863 0.8126540673788003 0.24036979969183359 0.8159408381265407 0.2280431432973806 0.8216926869350862
0 0.3405238828967643 0.7600657354149548 0.3574730354391371 0.7551355792933443 0.349768875192604 0.7469186524239935 0.3420647149460709 0.7469186524239935 0.33436055469953774 0.7502054231717338 0.3405238828967643 0.7600657354149548