0 0.6909546604046243 0.267578125 0.6781295158959537 0.267578125 0.6717169436416185 0.259765625 0.6524792268786127 0.259765625 0.6332415101156069 0.25 0.6204163656069365 0.25 0.6107975072254336 0.26171875 0.5915597904624278 0.248046875 0.5819409320809249 0.24609375 0.5546875 0.2529296875 0.5546875 0.2587890625 0.5643063583815029 0.2646484375 0.5643063583815029 0.2744140625 0.5755283598265896 0.28125 0.597972362716763 0.28125 0.6107975072254336 0.287109375 0.6300352239884393 0.2890625 0.6556855130057804 0.283203125 0.6749232297687862 0.283203125 0.7005735187861272 0.291015625 0.7085892341040463 0.2900390625 0.7085892341040463 0.2822265625 0.6909546604046243 0.267578125
0 0.6989703757225434 0.2314453125 0.6653043713872833 0.22265625 0.6524792268786127 0.22265625 0.6428603684971098 0.21484375 0.6364477962427746 0.21484375 0.6348446531791907 0.2197265625 0.6460666546242775 0.228515625 0.623622651734104 0.220703125 0.6107975072254336 0.220703125 0.6011786488439307 0.228515625 0.572322073699422 0.220703125 0.5514812138728323 0.2314453125 0.5659095014450867 0.240234375 0.5947660765895953 0.240234375 0.6075912210982659 0.24609375 0.6588917991329479 0.244140625 0.6797326589595376 0.2470703125 0.6989703757225434 0.2412109375 0.6989703757225434 0.2314453125
0 0.31742232658959535 0.3017578125 0.32704118497109824 0.2958984375 0.320628612716763 0.2861328125 0.32383489884393063 0.2763671875 0.3398663294797688 0.2646484375 0.3398663294797688 0.2587890625 0.3190254696531792 0.251953125 0.30299403901734107 0.25390625 0.28215317919075145 0.2666015625 0.27734375 0.291015625 0.25169346098265893 0.291015625 0.24047145953757226 0.2978515625 0.2452808887283237 0.306640625 0.2645186054913295 0.310546875 0.2805500361271676 0.3203125 0.29497832369942195 0.3212890625 0.31742232658959535 0.3154296875 0.31742232658959535 0.3017578125
0 0.5130057803468208 0.2509765625 0.5017837789017341 0.24609375 0.4889586343930636 0.24609375 0.4761334898843931 0.25390625 0.4665146315028902 0.25390625 0.44567377167630057 0.2626953125 0.4601020592485549 0.26953125 0.47453034682080925 0.2685546875 0.4985774927745665 0.265625 0.5130057803468208 0.2509765625
0 0.5226246387283237 0.2236328125 0.5146089234104047 0.21875 0.4985774927745665 0.22265625 0.4697209176300578 0.216796875 0.44246748554913296 0.2236328125 0.44567377167630057 0.2353515625 0.4536894869942196 0.240234375 0.47773663294797686 0.2412109375 0.511402637283237 0.232421875 0.5226246387283237 0.2236328125
0 0.13466401734104047 0.4755859375 0.14107658959537572 0.4638671875 0.13466401734104047 0.4580078125 0.13947344653179192 0.455078125 0.15871116329479767 0.455078125 0.16672687861271676 0.4501953125 0.16191744942196531 0.4375 0.14267973265895953 0.435546875 0.12985458815028902 0.443359375 0.11702944364161849 0.4375 0.10420429913294797 0.4375 0.044888005780346824 0.4560546875 0.044888005780346824 0.4599609375 0.0641257225433526 0.4716796875 0.06091943641618497 0.4775390625 0.07214143786127168 0.478515625 0.0849665823699422 0.490234375 0.10260115606936417 0.4912109375 0.12023572976878613 0.478515625 0.13466401734104047 0.4755859375
0 0.641257225433526 0.3740234375 0.6284320809248555 0.3564453125 0.6332415101156069 0.353515625 0.6653043713872833 0.353515625 0.6765263728323699 0.3486328125 0.6524792268786127 0.326171875 0.6140037933526011 0.33203125 0.5883535043352601 0.33203125 0.5418623554913294 0.3564453125 0.5258309248554913 0.3720703125 0.529037210982659 0.3798828125 0.5434654985549133 0.38671875 0.5851472182080925 0.38671875 0.5915597904624278 0.390625 0.6188132225433526 0.3935546875 0.6380509393063584 0.3818359375 0.641257225433526 0.3740234375
0 0.19878973988439305 0.5615234375 0.20840859826589594 0.5576171875 0.20840859826589594 0.5400390625 0.20039288294797689 0.525390625 0.1811551661849711 0.529296875 0.1699331647398844 0.5380859375 0.17474259393063585 0.546875 0.15550487716763006 0.546875 0.14428287572254336 0.5517578125 0.14428287572254336 0.5576171875 0.1603143063583815 0.5634765625 0.15069544797687862 0.5673828125 0.15710802023121387 0.5791015625 0.16833002167630057 0.583984375 0.1891708815028902 0.5830078125 0.19558345375722544 0.5791015625 0.19878973988439305 0.5615234375
0 0.24688403179190752 0.6376953125 0.23405888728323698 0.6201171875 0.23726517341040462 0.6025390625 0.22604317196531792 0.595703125 0.2132180274566474 0.595703125 0.2019960260115607 0.6005859375 0.20840859826589594 0.6181640625 0.190774024566474 0.62109375 0.18596459537572255 0.6298828125 0.19878973988439305 0.6376953125 0.19878973988439305 0.6455078125 0.2132180274566474 0.654296875 0.22604317196531792 0.658203125 0.23726517341040462 0.6572265625 0.24688403179190752 0.6494140625 0.24688403179190752 0.6376953125
0 0.4184203395953757 0.58984375 0.4264360549132948 0.5849609375 0.42002348265895956 0.5712890625 0.4055951950867052 0.564453125 0.38956376445086704 0.576171875 0.36711976156069365 0.5703125 0.3591040462427746 0.5732421875 0.35429461705202314 0.58203125 0.3398663294797688 0.5849609375 0.3414694725433526 0.587890625 0.37032604768786126 0.591796875 0.38635747832369943 0.59765625 0.3943731936416185 0.5966796875 0.3959763367052023 0.58984375 0.4184203395953757 0.58984375
0 0.5162120664739884 0.5947265625 0.5194183526011561 0.5830078125 0.5017837789017341 0.572265625 0.4825460621387283 0.572265625 0.4809429190751445 0.5673828125 0.4665146315028902 0.560546875 0.4472769147398844 0.568359375 0.424832911849711 0.560546875 0.42002348265895956 0.5712890625 0.4360549132947977 0.5830078125 0.4360549132947977 0.5947265625 0.45529263005780346 0.6025390625 0.45529263005780346 0.6162109375 0.4665146315028902 0.623046875 0.48735549132947975 0.6259765625 0.5322434971098265 0.6025390625 0.5162120664739884 0.5947265625
0 0.4905617774566474 0.6767578125 0.5162120664739884 0.6630859375 0.5097994942196532 0.6572265625 0.5130057803468208 0.6455078125 0.4985774927745665 0.626953125 0.4825460621387283 0.626953125 0.4665146315028902 0.642578125 0.4408643424855491 0.6328125 0.424832911849711 0.634765625 0.4168171965317919 0.6435546875 0.43926119942196534 0.6611328125 0.40880148121387283 0.666015625 0.40078576589595377 0.6728515625 0.4152140534682081 0.685546875 0.4376580563583815 0.6875 0.4536894869942196 0.681640625 0.44888005780346824 0.6943359375 0.4665146315028902 0.69921875 0.4809429190751445 0.6982421875 0.4905617774566474 0.6943359375 0.4905617774566474 0.6767578125
0 0.4360549132947977 0.6318359375 0.4360549132947977 0.6240234375 0.45208634393063585 0.6201171875 0.4344517702312139 0.609375 0.42162662572254334 0.609375 0.4136109104046243 0.6142578125 0.4168171965317919 0.6240234375 0.41200776734104044 0.62890625 0.381548049132948 0.6337890625 0.38956376445086704 0.64453125 0.4136109104046243 0.6435546875 0.424832911849711 0.6328125 0.4360549132947977 0.6318359375
0 0.684542088150289 0.66015625 0.6733200867052023 0.6591796875 0.6829389450867052 0.6474609375 0.6765263728323699 0.6396484375 0.6653043713872833 0.6328125 0.6428603684971098 0.63671875 0.6348446531791907 0.6259765625 0.623622651734104 0.62109375 0.6043849349710982 0.623046875 0.5963692196531792 0.6279296875 0.5963692196531792 0.6416015625 0.5995755057803468 0.6474609375 0.6124006502890174 0.6513671875 0.6091943641618497 0.6572265625 0.6428603684971098 0.6640625 0.6749232297687862 0.6796875 0.6861452312138728 0.6787109375 0.6989703757225434 0.6689453125 0.684542088150289 0.66015625
0 0.3510883309248555 0.767578125 0.3526914739884393 0.7587890625 0.3751354768786127 0.7529296875 0.3751354768786127 0.7431640625 0.36711976156069365 0.740234375 0.34467575867052025 0.7421875 0.346278901734104 0.7275390625 0.32543804190751446 0.724609375 0.3126128973988439 0.716796875 0.2933751806358382 0.720703125 0.27734375 0.71484375 0.2741374638728324 0.7265625 0.2452808887283237 0.71875 0.23085260115606937 0.7373046875 0.23085260115606937 0.7509765625 0.23566203034682082 0.75390625 0.24207460260115607 0.751953125 0.2837563222543353 0.775390625 0.2997877528901734 0.7734375 0.3062003251445087 0.77734375 0.31421604046242774 0.7763671875 0.3286443280346821 0.76953125 0.3510883309248555 0.767578125
0 0.34788204479768786 0.93359375 0.3655166184971098 0.9248046875 0.3655166184971098 0.9091796875 0.34467575867052025 0.900390625 0.31581918352601157 0.900390625 0.29497832369942195 0.9208984375 0.2885657514450867 0.9384765625 0.2997877528901734 0.939453125 0.3062003251445087 0.947265625 0.31742232658959535 0.9462890625 0.33505690028901736 0.93359375 0.34788204479768786 0.93359375
0 0.580337789017341 0.9833984375 0.5594969291907514 0.974609375 0.5434654985549133 0.9765625 0.5306403540462428 0.96484375 0.5210214956647399 0.966796875 0.5162120664739884 0.9697265625 0.5162120664739884 0.9873046875 0.5402592124277457 1 0.5643063583815029 0.9990234375 0.5771315028901735 0.9912109375 0.580337789017341 0.9833984375
0 0 0.9630281690140845 0.005780346820809248 0.9674295774647887 0.02745664739884393 0.9630281690140845 0.05057803468208093 0.9665492957746479 0.07369942196531792 0.954225352112676 0.08092485549132948 0.9357394366197183 0.08092485549132948 0.9154929577464789 0.09826589595375723 0.903169014084507 0.09248554913294797 0.8899647887323944 0.0838150289017341 0.8882042253521126 0.07514450867052024 0.8802816901408451 0.07225433526011561 0.8802816901408451 0.0476878612716763 0.886443661971831 0.03901734104046243 0.8952464788732394 0.01878612716763006 0.8961267605633803 0.004335260115606936 0.903169014084507 0.004335260115606936 0.9110915492957746 0.023121387283236993 0.9234154929577465 0.005780346820809248 0.9348591549295775 0.0072254335260115606 0.9436619718309859 0 0.9524647887323944 0 0.9630281690140845
0 0.3713872832369942 0.4269366197183099 0.3569364161849711 0.44278169014084506 0.33959537572254334 0.4454225352112676 0.33959537572254334 0.4586267605633803 0.36416184971098264 0.4639084507042254 0.3959537572254335 0.45774647887323944 0.4046242774566474 0.46566901408450706 0.42052023121387283 0.46566901408450706 0.48121387283236994 0.43485915492957744 0.46965317919075145 0.42869718309859156 0.44508670520231214 0.4410211267605634 0.4291907514450867 0.43221830985915494 0.4263005780346821 0.42077464788732394 0.42196531791907516 0.42077464788732394 0.40895953757225434 0.4278169014084507 0.3713872832369942 0.4269366197183099
0 0.1893063583815029 0.9788732394366197 0.16184971098265896 0.9929577464788732 0.16040462427745664 0.9991197183098591 0.3063583815028902 0.9991197183098591 0.30346820809248554 0.9938380281690141 0.31358381502890176 0.988556338028169 0.33670520231213874 0.9903169014084507 0.34971098265895956 0.9823943661971831 0.34826589595375723 0.9709507042253521 0.33236994219653176 0.9647887323943662 0.3092485549132948 0.9700704225352113 0.2846820809248555 0.9577464788732394 0.273121387283237 0.9568661971830986 0.26011560693641617 0.9595070422535211 0.24277456647398843 0.9753521126760564 0.22254335260115607 0.960387323943662 0.1907514450867052 0.9524647887323944 0.18497109826589594 0.9524647887323944 0.1777456647398844 0.9586267605633803 0.1893063583815029 0.9788732394366197
0 0.36127167630057805 0.8397887323943662 0.342485549132948 0.8415492957746479 0.3670520231213873 0.8679577464788732 0.3598265895953757 0.8794014084507042 0.3627167630057804 0.9005281690140845 0.37427745664739887 0.8961267605633803 0.3916184971098266 0.8802816901408451 0.41040462427745666 0.8961267605633803 0.4263005780346821 0.9005281690140845 0.4421965317919075 0.8987676056338029 0.4479768786127168 0.8820422535211268 0.4624277456647399 0.8767605633802817 0.4407514450867052 0.8644366197183099 0.44653179190751446 0.8556338028169014 0.4436416184971098 0.8450704225352113 0.44942196531791906 0.8424295774647887 0.4797687861271676 0.8459507042253521 0.4841040462427746 0.8415492957746479 0.476878612716763 0.835387323943662 0.44653179190751446 0.8248239436619719 0.43641618497109824 0.8257042253521126 0.4234104046242775 0.8186619718309859 0.4031791907514451 0.8160211267605634 0.40173410404624277 0.8160211267605634 0.38439306358381503 0.8213028169014085 0.36127167630057805 0.8397887323943662
0 0.32947976878612717 0.6778169014084507 0.3208092485549133 0.6778169014084507 0.31647398843930635 0.6804577464788732 0.3179190751445087 0.6919014084507042 0.2904624277456647 0.7007042253521126 0.29190751445086704 0.7130281690140845 0.3020231213872832 0.7183098591549296 0.32947976878612717 0.7183098591549296 0.3569364161849711 0.7359154929577465 0.3684971098265896 0.7359154929577465 0.37572254335260113 0.7403169014084507 0.3959537572254335 0.7315140845070423 0.4046242774566474 0.7359154929577465 0.4277456647398844 0.7341549295774648 0.4421965317919075 0.7253521126760564 0.4653179190751445 0.7235915492957746 0.4667630057803468 0.7183098591549296 0.44653179190751446 0.7077464788732394 0.4320809248554913 0.6927816901408451 0.3930635838150289 0.710387323943662 0.3872832369942196 0.7174295774647887 0.3829479768786127 0.7165492957746479 0.37572254335260113 0.6980633802816901 0.3988439306358382 0.6778169014084507 0.3916184971098266 0.6716549295774648 0.38439306358381503 0.6716549295774648 0.34104046242774566 0.6910211267605634 0.32947976878612717 0.6778169014084507
0 0.24566473988439305 0.6654929577464789 0.22976878612716764 0.6769366197183099 0.21676300578034682 0.6769366197183099 0.21242774566473988 0.6830985915492958 0.19797687861271676 0.6875 0.19653179190751446 0.6971830985915493 0.18208092485549132 0.704225352112676 0.18641618497109827 0.7112676056338029 0.203757225433526 0.7209507042253521 0.21676300578034682 0.7200704225352113 0.26878612716763006 0.6954225352112676 0.28034682080924855 0.6848591549295775 0.2991329479768786 0.6813380281690141 0.2875722543352601 0.664612676056338 0.28034682080924855 0.664612676056338 0.27890173410404623 0.6637323943661971 0.273121387283237 0.6663732394366197 0.24566473988439305 0.6654929577464789
0 0.5245664739884393 0.6258802816901409 0.5086705202312138 0.6311619718309859 0.5086705202312138 0.641725352112676 0.5216763005780347 0.6496478873239436 0.5289017341040463 0.6654929577464789 0.5563583815028902 0.6637323943661971 0.5765895953757225 0.6452464788732394 0.5953757225433526 0.641725352112676 0.5939306358381503 0.6302816901408451 0.5794797687861272 0.625 0.5708092485549133 0.625 0.5404624277456648 0.6408450704225352 0.5245664739884393 0.6258802816901409
0 0.18497109826589594 0.7869718309859155 0.16040462427745664 0.8036971830985915 0.13872832369942195 0.8089788732394366 0.1329479768786127 0.8142605633802817 0.13728323699421965 0.8301056338028169 0.16040462427745664 0.840669014084507 0.15173410404624277 0.8591549295774648 0.16184971098265896 0.8653169014084507 0.18641618497109827 0.8679577464788732 0.20809248554913296 0.8820422535211268 0.22109826589595374 0.8820422535211268 0.22832369942196531 0.875 0.2398843930635838 0.8723591549295775 0.2630057803468208 0.8961267605633803 0.2832369942196532 0.9049295774647887 0.29190751445086704 0.8952464788732394 0.26878612716763006 0.8811619718309859 0.26734104046242774 0.8609154929577465 0.2875722543352601 0.8485915492957746 0.28901734104046245 0.8415492957746479 0.2630057803468208 0.823943661971831 0.2630057803468208 0.7975352112676056 0.24710982658959538 0.7904929577464789 0.22832369942196531 0.7913732394366197 0.2239884393063584 0.784330985915493 0.20809248554913296 0.7799295774647887 0.19653179190751446 0.7684859154929577 0.1907514450867052 0.7684859154929577 0.1777456647398844 0.7755281690140845 0.18497109826589594 0.7869718309859155
0 0.5144508670520231 0.7341549295774648 0.4985549132947977 0.738556338028169 0.46965317919075145 0.7544014084507042 0.47109826589595377 0.7596830985915493 0.48554913294797686 0.7676056338028169 0.4869942196531792 0.7755281690140845 0.5086705202312138 0.7878521126760564 0.5274566473988439 0.7904929577464789 0.541907514450867 0.7869718309859155 0.5476878612716763 0.7755281690140845 0.569364161849711 0.7772887323943662 0.5765895953757225 0.7746478873239436 0.5823699421965318 0.7649647887323944 0.6271676300578035 0.7737676056338029 0.6372832369942196 0.7720070422535211 0.638728323699422 0.7579225352112676 0.630057803468208 0.7464788732394366 0.5953757225433526 0.7473591549295775 0.5895953757225434 0.7359154929577465 0.5606936416184971 0.7306338028169014 0.5303468208092486 0.7130281690140845 0.5289017341040463 0.7130281690140845 0.5216763005780347 0.7165492957746479 0.5144508670520231 0.7341549295774648
0 0.18786127167630057 0.39172535211267606 0.16907514450867053 0.3855633802816901 0.16184971098265896 0.3873239436619718 0.157514450867052 0.39436619718309857 0.1546242774566474 0.3908450704225352 0.13728323699421965 0.3908450704225352 0.12427745664739884 0.3961267605633803 0.12572254335260116 0.4040492957746479 0.13728323699421965 0.40933098591549294 0.1531791907514451 0.4022887323943662 0.16184971098265896 0.4022887323943662 0.1777456647398844 0.4084507042253521 0.24710982658959538 0.4102112676056338 0.26011560693641617 0.40316901408450706 0.2702312138728324 0.3890845070422535 0.26878612716763006 0.3829225352112676 0.25289017341040465 0.38028169014084506 0.24277456647398843 0.3846830985915493 0.23265895953757226 0.38380281690140844 0.22687861271676302 0.3767605633802817 0.2138728323699422 0.37235915492957744 0.20809248554913296 0.37235915492957744 0.19653179190751446 0.3767605633802817 0.18786127167630057 0.39172535211267606
0 0.14595375722543352 0.35475352112676056 0.12572254335260116 0.36971830985915494 0.10982658959537572 0.36971830985915494 0.09826589595375723 0.37588028169014087 0.09826589595375723 0.386443661971831 0.11560693641618497 0.3926056338028169 0.157514450867052 0.38380281690140844 0.17485549132947978 0.3846830985915493 0.18208092485549132 0.38028169014084506 0.1791907514450867 0.3767605633802817 0.1907514450867052 0.37588028169014087 0.203757225433526 0.3617957746478873 0.203757225433526 0.35563380281690143 0.19508670520231214 0.352112676056338 0.18786127167630057 0.352112676056338 0.17485549132947978 0.3573943661971831 0.14595375722543352 0.35475352112676056
0 0.407514450867052 0.2834507042253521 0.4060693641618497 0.29225352112676056 0.4147398843930636 0.2984154929577465 0.3930635838150289 0.31514084507042256 0.4190751445086705 0.3283450704225352 0.434971098265896 0.3265845070422535 0.4653179190751445 0.31514084507042256 0.48121387283236994 0.31690140845070425 0.49710982658959535 0.3107394366197183 0.4913294797687861 0.3028169014084507 0.49277456647398843 0.2904929577464789 0.476878612716763 0.2887323943661972 0.4436416184971098 0.2948943661971831 0.4523121387283237 0.28169014084507044 0.4624277456647399 0.2790492957746479 0.45375722543352603 0.2755281690140845 0.4479768786127168 0.2755281690140845 0.4161849710982659 0.2790492957746479 0.407514450867052 0.2834507042253521
0 0.29624277456647397 0.6443661971830986 0.29335260115606937 0.6540492957746479 0.3020231213872832 0.6575704225352113 0.33236994219653176 0.6558098591549296 0.3439306358381503 0.6514084507042254 0.33815028901734107 0.6408450704225352 0.33670520231213874 0.6408450704225352 0.3222543352601156 0.6496478873239436 0.29624277456647397 0.6443661971830986