0 0.1604690546875 0.8378906251129178 0.18073883125 0.8359374995483287 0.1891845703125 0.831054687443541 0.1891845703125 0.825195312556459 0.1790496828125 0.8173828121047877 0.1756713875 0.7978515627822945 0.167225646875 0.7929687497741644 0.1537124640625 0.7929687497741644 0.1114837640625 0.8134765627822945 0.1114837640625 0.8349609376693766 0.121618653125 0.840820312556459 0.1148620609375 0.8505859376693766 0.12837524375 0.8544921878952123 0.146955871875 0.8515625004516713 0.1604690546875 0.8378906251129178
0 0.34627532968749997 0.9082031246612466 0.3564102171875 0.9160156251129178 0.37667999218750003 0.9160156251129178 0.38850402812499996 0.9072265627822945 0.37667999218750003 0.8964843748870822 0.36992340156250003 0.8945312502258356 0.3564102171875 0.8984374995483287 0.3513427734375 0.8955078121047877 0.3513427734375 0.8798828121047877 0.34458618125 0.8701171878952123 0.3192489625 0.859375 0.30066833437499996 0.8642578121047877 0.3074249265625 0.8818359376693766 0.295600890625 0.8886718753387534 0.265196228125 0.8789062502258356 0.255061340625 0.8808593748870822 0.2466156 0.8896484372177055 0.255061340625 0.9101562502258356 0.2787094109375 0.9101562502258356 0.2888443 0.90625 0.29391174375 0.909179687443541 0.28715515156250004 0.9208984372177055 0.295600890625 0.9257812502258357 0.31418151875 0.924804687443541 0.32938385000000003 0.9082031246612466 0.34627532968749997 0.9082031246612466
0 0.5168792718749999 0.8798828121047877 0.5236358640625001 0.872070312556459 0.5320816046875 0.8671874995483287 0.5455947875 0.8730468753387534 0.555729675 0.8710937497741644 0.5641754156250001 0.8662109376693766 0.5641754156250001 0.8583984372177055 0.555729675 0.8554687497741644 0.5253250125 0.8574218753387534 0.511811828125 0.828125 0.4982986453125 0.828125 0.481407165625 0.8359374995483287 0.46789398125000004 0.8242187497741644 0.44762420625 0.8242187497741644 0.445935059375 0.8349609376693766 0.456069946875 0.8525390623306234 0.43580017031249996 0.8701171878952123 0.471272278125 0.8828125004516713 0.472961425 0.8896484372177055 0.491542053125 0.9023437497741644 0.5135009765625 0.9013671878952123 0.5202575687500001 0.8955078121047877 0.5168792718749999 0.8798828121047877
0 0.45100250312499995 0.90625 0.4594482421875 0.9013671878952123 0.46282653749999997 0.8759765627822945 0.43411102343749997 0.875 0.40032806406250004 0.8613281246612466 0.391882325 0.8642578121047877 0.38850402812499996 0.8740234372177055 0.368234253125 0.8857421878952123 0.368234253125 0.8896484372177055 0.39526062031250003 0.903320312556459 0.39526062031250003 0.9150390623306234 0.403706359375 0.9199218753387534 0.4155303953125 0.918945312556459 0.4307327265625 0.9082031246612466 0.45100250312499995 0.90625
0 0.2162109375 0.903320312556459 0.2162109375 0.8974609376693766 0.2432373046875 0.887695312556459 0.2432373046875 0.8759765627822945 0.2229675296875 0.8583984372177055 0.19763030937499998 0.8554687497741644 0.18073883125 0.8417968753387534 0.172293090625 0.8447265627822945 0.1756713875 0.8505859376693766 0.1537124640625 0.859375 0.14357757499999999 0.8535156251129178 0.1351318359375 0.8544921878952123 0.14864501875 0.8740234372177055 0.1452667234375 0.8916015627822945 0.1554016109375 0.9072265627822945 0.1790496828125 0.9111328121047877 0.20776519843750002 0.9082031246612466 0.2162109375 0.903320312556459
0 0.234791565625 0.9472656251129178 0.2483047484375 0.9472656251129178 0.2668853765625 0.9384765627822946 0.270263671875 0.9326171878952122 0.2618179328125 0.9277343748870822 0.2246566765625 0.9277343748870822 0.19763030937499998 0.9121093748870822 0.1841171265625 0.9179687497741644 0.1604690546875 0.9199218753387534 0.14864501875 0.940429687443541 0.1537124640625 0.9433593748870822 0.1841171265625 0.9414062502258357 0.19763030937499998 0.9511718753387532 0.2094543453125 0.9521484372177054 0.2280349734375 0.9433593748870822 0.234791565625 0.9472656251129178
0 0.23985900937500002 0.7548828121047877 0.23985900937500002 0.7333984372177055 0.23141326874999998 0.7285156251129178 0.18073883125 0.7304687497741644 0.172293090625 0.7353515627822945 0.172293090625 0.7412109376693766 0.14864501875 0.752929687443541 0.1537124640625 0.7636718753387534 0.18749542187499998 0.765625 0.20607605 0.7705078121047877 0.2280349734375 0.765625 0.23985900937500002 0.7548828121047877
0 0.491542053125 0.9785156251129178 0.48309631406250003 0.9736328121047878 0.48309631406250003 0.9638671878952122 0.45100250312499995 0.953125 0.43580017031249996 0.9619140623306233 0.4307327265625 0.9804687497741643 0.39694976875 0.9667968753387532 0.38850402812499996 0.9677734372177054 0.39526062031250003 0.981445312556459 0.408773803125 0.987304687443541 0.403706359375 1 0.51012268125 0.9990234372177054 0.49998779375 0.9775390623306233 0.491542053125 0.9785156251129178
0 0.496609496875 0.9326171878952122 0.5151901249999999 0.9277343748870822 0.5253250125 0.9160156251129178 0.5523513796875 0.9160156251129178 0.5607971187499999 0.9111328121047877 0.555729675 0.9003906251129178 0.5287033078125 0.90625 0.5219467156250001 0.9140625004516713 0.4898529046875 0.9169921878952123 0.4898529046875 0.9287109376693767 0.47971801718749996 0.9365234372177054 0.47971801718749996 0.950195312556459 0.4847854609375 0.953125 0.496609496875 0.9521484372177054 0.5033660890625 0.9482421878952122 0.496609496875 0.9326171878952122
0 0.1334426875 0.8789062502258356 0.10641632031249999 0.8769531246612466 0.0810791015625 0.8837890623306234 0.0861465453125 0.8945312502258356 0.10641632031249999 0.8945312502258356 0.13006439218750002 0.9042968753387534 0.13851013125 0.903320312556459 0.1452667234375 0.8896484372177055 0.1334426875 0.8789062502258356
0 0.13851013125 0.715820312556459 0.1148620609375 0.7099609376693766 0.121618653125 0.700195312556459 0.10641632031249999 0.6894531246612466 0.06756591875 0.6923828121047877 0.064187621875 0.7021484372177055 0.074322509375 0.7080078121047877 0.06756591875 0.7138671878952123 0.07263336249999999 0.7246093748870822 0.131753540625 0.7255859376693766 0.13851013125 0.7236328121047877 0.13851013125 0.715820312556459
0 0.10810546875 0.653320312556459 0.10810546875 0.643554687443541 0.131753540625 0.6337890623306234 0.1351318359375 0.627929687443541 0.12668609687500001 0.6210937497741644 0.11317291249999999 0.6210937497741644 0.0996597296875 0.6289062502258356 0.0760116578125 0.625 0.0574310296875 0.6298828121047877 0.0506744390625 0.6474609376693766 0.0574310296875 0.6572265627822945 0.054052734375 0.6650390623306234 0.059120178125 0.671875 0.0810791015625 0.6708984372177055 0.08445739687500001 0.6650390623306234 0.10810546875 0.653320312556459
0 0.398638915625 0.7236328121047877 0.3817474359375 0.715820312556459 0.378369140625 0.706054687443541 0.36992340156250003 0.703125 0.353031921875 0.703125 0.3327621453125 0.7148437497741644 0.3260055546875 0.7109374995483287 0.309114075 0.7148437497741644 0.285466003125 0.7128906251129178 0.2736419671875 0.7236328121047877 0.2770202640625 0.731445312556459 0.285466003125 0.734375 0.29897918749999997 0.734375 0.3395187375 0.7246093748870822 0.373301696875 0.7363281246612466 0.3817474359375 0.7353515627822945 0.398638915625 0.7275390623306234 0.398638915625 0.7236328121047877
0 0.5337707515625 0.7509765627822945 0.5337707515625 0.7451171878952123 0.5185684203125 0.734375 0.51012268125 0.7333984372177055 0.5050552374999999 0.7265625004516713 0.47971801718749996 0.7197265627822945 0.496609496875 0.7080078121047877 0.496609496875 0.700195312556459 0.4881637578125 0.6953125004516713 0.47802887031249996 0.6953125004516713 0.461137390625 0.7109374995483287 0.44762420625 0.7109374995483287 0.43917846718750003 0.715820312556459 0.43917846718750003 0.7333984372177055 0.4290435796875 0.737304687443541 0.42566528281249993 0.752929687443541 0.4408676140625 0.7578125004516713 0.4645156859375 0.7519531246612466 0.472961425 0.7646484372177055 0.4982986453125 0.7792968753387534 0.5067443843749999 0.778320312556459 0.5236358640625001 0.7548828121047877 0.5337707515625 0.7509765627822945
0 0.353031921875 0.6601562502258356 0.358099365625 0.6572265627822945 0.3614776609375 0.6513671878952123 0.3412078859375 0.6416015627822945 0.3412078859375 0.6337890623306234 0.36485595625 0.6259765627822945 0.3597885125 0.6171874995483287 0.3361404421875 0.6171874995483287 0.32769470156249997 0.622070312556459 0.3260055546875 0.6308593748870822 0.309114075 0.6308593748870822 0.2922225953125 0.6171874995483287 0.2719528203125 0.6171874995483287 0.2635070796875 0.622070312556459 0.26012878437500003 0.6298828121047877 0.2668853765625 0.637695312556459 0.249993896875 0.643554687443541 0.2466156 0.653320312556459 0.2618179328125 0.6601562502258356 0.2922225953125 0.65625 0.30573577812499997 0.6640625004516713 0.310803221875 0.6630859376693766 0.3260055546875 0.6582031246612466 0.353031921875 0.6601562502258356
0 0.4222869875 0.6806640623306234 0.41721954375000003 0.6777343748870822 0.403706359375 0.6796874995483287 0.39694976875 0.6757812502258356 0.3817474359375 0.6787109376693766 0.383436584375 0.671875 0.40032806406250004 0.671875 0.432421875 0.659179687443541 0.4290435796875 0.6513671878952123 0.4121521 0.6455078121047877 0.42566528281249993 0.637695312556459 0.4222869875 0.627929687443541 0.403706359375 0.625 0.38850402812499996 0.637695312556459 0.38850402812499996 0.643554687443541 0.398638915625 0.6513671878952123 0.373301696875 0.6601562502258356 0.3395187375 0.6582031246612466 0.337829590625 0.6669921878952123 0.3175598140625 0.674804687443541 0.3175598140625 0.6806640623306234 0.3226272578125 0.6835937497741644 0.353031921875 0.6835937497741644 0.3564102171875 0.6796874995483287 0.37667999218750003 0.6875 0.3868148796875 0.6875 0.40032806406250004 0.6972656251129178 0.4121521 0.6962890623306234 0.42566528281249993 0.6923828121047877 0.4222869875 0.6806640623306234
0 0.18749542187499998 0.5839843748870822 0.1993194578125 0.5791015627822945 0.20776519843750002 0.5644531246612466 0.2246566765625 0.5644531246612466 0.2567504875 0.5537109376693766 0.2567504875 0.5478515627822945 0.2483047484375 0.5429687497741644 0.23141326874999998 0.5429687497741644 0.2179000859375 0.5332031246612466 0.19087371875 0.5292968753387534 0.1959411625 0.5244140623306234 0.18073883125 0.515625 0.1537124640625 0.5117187497741644 0.136820984375 0.5214843748870822 0.10979461718750001 0.5234374995483287 0.1047271734375 0.528320312556459 0.1114837640625 0.534179687443541 0.09797058125 0.543945312556459 0.1013488765625 0.549804687443541 0.11824035625 0.5576171878952123 0.1047271734375 0.565429687443541 0.13006439218750002 0.5703125004516713 0.1351318359375 0.5732421878952123 0.131753540625 0.5849609376693766 0.14019927968749998 0.5898437497741644 0.14864501875 0.5888671878952123 0.16384735156250002 0.5839843748870822 0.18749542187499998 0.5839843748870822
0 0.10979461718750001 0.5058593748870822 0.12837524375 0.4931640623306234 0.12837524375 0.48339843721770553 0.14019927968749998 0.47656250045167126 0.15033416718749998 0.47656250045167126 0.1706039421875 0.46875 0.172293090625 0.4638671878952123 0.16384735156250002 0.4609374995483288 0.14357757499999999 0.46875 0.1334426875 0.4609374995483288 0.11655120781249999 0.4609374995483288 0.1047271734375 0.46777343721770553 0.103038025 0.47851562511291784 0.08276825 0.4707031246612466 0.07263336249999999 0.4707031246612466 0.059120178125 0.4804687497741644 0.0472961421875 0.48339843721770553 0.0472961421875 0.4951171878952123 0.0371612546875 0.49902343721770553 0.042228698437500004 0.5097656251129178 0.0608093265625 0.5087890623306234 0.08276825 0.5039062502258356 0.10979461718750001 0.5058593748870822
0 0.471272278125 0.5527343748870822 0.496609496875 0.5478515627822945 0.4881637578125 0.5410156251129178 0.46620483437500004 0.5400390623306234 0.472961425 0.5322265627822945 0.472961425 0.5205078121047877 0.46789398125000004 0.5175781246612466 0.4408676140625 0.5097656251129178 0.42397613593749994 0.5117187497741644 0.40032806406250004 0.53125 0.363166809375 0.5351562502258356 0.35472106875 0.5380859376693766 0.34627532968749997 0.5488281246612466 0.3209381109375 0.5517578121047877 0.3209381109375 0.559570312556459 0.32938385000000003 0.5644531246612466 0.37667999218750003 0.5625 0.383436584375 0.5664062502258356 0.408773803125 0.565429687443541 0.42397613593749994 0.5546874995483287 0.471272278125 0.5527343748870822
0 0.26012878437500003 0.40722656278229447 0.28715515156250004 0.40136718789521225 0.2770202640625 0.37597656278229447 0.25843963593749997 0.3691406251129178 0.2280349734375 0.37109374977416437 0.20776519843750002 0.3671874995483288 0.192562865625 0.37402343721770553 0.192562865625 0.38574218789521225 0.1756713875 0.3935546874435411 0.1756713875 0.3974609376693767 0.19425201406249998 0.40625 0.2246566765625 0.4082031246612466 0.22634582499999997 0.42089843721770553 0.23816986093749998 0.42578125022583563 0.2466156 0.4248046874435411 0.2635070796875 0.4189453125564589 0.26012878437500003 0.40722656278229447
0 0.48309631406250003 0.3935546874435411 0.46620483437500004 0.3876953125564589 0.47633972187499996 0.37597656278229447 0.4746505734375 0.3691406251129178 0.44762420625 0.3691406251129178 0.43748931874999997 0.3613281246612466 0.42735443125000006 0.3613281246612466 0.398638915625 0.3720703125564589 0.398638915625 0.3779296874435411 0.42397613593749994 0.40234374977416437 0.46620483437500004 0.4033203125564589 0.48309631406250003 0.3974609376693767 0.48309631406250003 0.3935546874435411
0 0.2984375 0.4742547425474255 0.3578125 0.4706413730803975 0.3484375 0.46251129177958444 0.321875 0.45257452574525747 0.3125 0.45257452574525747 0.296875 0.46070460704607047 0.2984375 0.4742547425474255
0 0.2390625 0.46251129177958444 0.246875 0.46251129177958444 0.2484375 0.4444444444444444 0.2421875 0.4444444444444444 0.2296875 0.45438121047877145 0.2390625 0.46251129177958444