0 0.41708548073959933 0.23632812511499537 0.4399842912172573 0.234375 0.448162437596302 0.2255859374425023 0.42689925577812016 0.21875 0.40727170416024655 0.2226562502299908 0.3843728936825886 0.2128906246550138 0.37128785824345145 0.2148437497700092 0.35329593528505393 0.2275390625574977 0.3500246779661017 0.2353515620975161 0.36147408320493063 0.2441406246550138 0.38273726348228043 0.24316406255749773 0.40727170416024655 0.2421874995400184 0.41708548073959933 0.23632812511499537
0 0.6035472234206471 0.2753906246550138 0.5675633790446841 0.2773437497700092 0.5381220508474577 0.2675781251149954 0.5234013867488444 0.27050781232750687 0.5332151633281973 0.2822265620975161 0.5446645685670262 0.2871093753449862 0.5986403359013868 0.28613281232750687 0.6084541124807397 0.2822265620975161 0.6035472234206471 0.2753906246550138
0 0.2976845392912173 0.39550781232750687 0.3173120909090909 0.3876953127874885 0.30749831432973806 0.38183593744250227 0.3107695731895223 0.36816406255749773 0.3025914268104776 0.359375 0.29277765023112484 0.3574218748850046 0.2764213574730354 0.3632812502299908 0.2502512881355932 0.3613281251149954 0.224081218798151 0.375 0.21263181355932206 0.3720703127874885 0.20936055469953774 0.3779296872125115 0.21917433127889063 0.38574218767249313 0.19627551926040063 0.3935546872125115 0.20118240832049308 0.4003906246550138 0.22080995993836672 0.4023437497700092 0.2633363220338983 0.3984374995400184 0.2617006933744222 0.4091796872125115 0.2666075808936826 0.4121093753449862 0.2911420215716487 0.41113281232750687 0.2976845392912173 0.4052734379024839 0.2976845392912173 0.39550781232750687
0 0.5234013867488444 0.3935546872125115 0.5332151633281973 0.38574218767249313 0.5642921201848998 0.3808593753449862 0.5691990077041602 0.3740234379024839 0.5479358274268105 0.3691406246550138 0.5413933097072419 0.3613281251149954 0.5250370154083205 0.3613281251149954 0.5054094637904468 0.3691406246550138 0.507045093990755 0.36621093744250227 0.49232442989214176 0.359375 0.4759681355932204 0.359375 0.47106124807395994 0.3623046872125115 0.49068879969183354 0.3720703127874885 0.4939600585516179 0.3779296872125115 0.48251065331278886 0.3847656246550138 0.4726968767334361 0.3847656246550138 0.46451873035439134 0.39550781232750687 0.4792393944530046 0.4023437497700092 0.49886694607087834 0.4003906246550138 0.5152232403697997 0.4082031251149954 0.5234013867488444 0.4072265620975161 0.5332151633281973 0.40136718767249313 0.5234013867488444 0.3935546872125115
0 0.4874175408320493 0.41699218767249313 0.4792393944530046 0.4121093753449862 0.4661543605546995 0.4121093753449862 0.46124747149460704 0.4189453127874885 0.47760376579352853 0.42871093744250227 0.4874175408320493 0.4248046872125115 0.4874175408320493 0.41699218767249313
0 0.5005025762711864 0.4716796872125115 0.5201301278890601 0.46386718767249313 0.5103163513097072 0.44433593744250227 0.5021382049306625 0.4394531251149954 0.4792393944530046 0.4492187497700092 0.46288310169491526 0.4492187497700092 0.4465268073959939 0.4414062502299908 0.4318061448382126 0.44824218767249313 0.4318061448382126 0.4716796872125115 0.44489117873651773 0.47753906255749773 0.4497980662557781 0.48632812511499546 0.4677899892141757 0.4892578123275069 0.48251065331278886 0.48632812511499546 0.5005025762711864 0.4716796872125115
0 0.5757415254237288 0.5244140625574977 0.5708346379044684 0.5175781251149955 0.5479358274268105 0.5175781251149955 0.48905317103235746 0.5019531251149955 0.4743325069337442 0.5068359374425023 0.4743325069337442 0.5126953127874885 0.48905317103235746 0.5234374995400184 0.5021382049306625 0.5175781251149955 0.5103163513097072 0.520507812327507 0.5037738351309707 0.5283203127874885 0.5086807226502311 0.5351562502299908 0.5348507919876733 0.5410156246550137 0.5495714560862865 0.5400390625574977 0.5528427149460708 0.5341796872125115 0.5757415254237288 0.5244140625574977
0 0.5283082742681048 0.6152343753449863 0.5397576795069338 0.6103515620975161 0.5381220508474577 0.6035156246550137 0.5152232403697997 0.6015625004599816 0.49886694607087834 0.5878906246550137 0.4759681355932204 0.5976562502299908 0.459611842835131 0.5898437497700092 0.4465268073959939 0.5898437497700092 0.43507740215716484 0.6005859374425023 0.4252636271186441 0.6025390625574977 0.459611842835131 0.625 0.4792393944530046 0.6308593753449863 0.49723131741140214 0.629882812327507 0.5054094637904468 0.6171874995400184 0.5283082742681048 0.6152343753449863
0 0.3467534191063174 0.6123046872125115 0.31567646070878275 0.5996093753449863 0.2895063913713405 0.6015625004599816 0.28132824499229586 0.6103515620975161 0.2649719522342065 0.6162109374425023 0.2649719522342065 0.6240234379024839 0.2731500986132512 0.6289062502299908 0.2911420215716487 0.629882812327507 0.34184653004622495 0.6191406246550137 0.3467534191063174 0.6123046872125115
0 0.5685670261941448 0.8390064397424103 0.5654853620955316 0.8482060717571297 0.5654853620955316 0.859245630174793 0.5577812018489985 0.8684452621895125 0.559322033898305 0.8794848206071757 0.5639445300462249 0.8822447102115916 0.5685670261941448 0.8822447102115916 0.5793528505392912 0.8868445262189513 0.5808936825885979 0.8859245630174793 0.5916795069337443 0.8868445262189513 0.5993836671802774 0.8822447102115916 0.6178736517719569 0.8840846366145354 0.6255778120184899 0.8813247470101196 0.6286594761171033 0.8767249310027599 0.6255778120184899 0.8721251149954001 0.6255778120184899 0.8647654093836247 0.6302003081664098 0.8574057037718491 0.6286594761171033 0.8528058877644894 0.6255778120184899 0.8500459981600736 0.6194144838212635 0.8491260349586016 0.6070878274268104 0.8426862925482981 0.5993836671802774 0.8408463661453542 0.5932203389830508 0.8353265869365225 0.5839753466872111 0.8334866605335787 0.5824345146379045 0.8325666973321068 0.576271186440678 0.8334866605335787 0.5685670261941448 0.8390064397424103
0 0.5839753466872111 0.8104875804967802 0.5747303543913713 0.8233670653173873 0.5747303543913713 0.8325666973321068 0.5731895223420647 0.8334866605335787 0.5855161787365177 0.8344066237350506 0.5963020030816641 0.8399264029438822 0.6055469953775039 0.8426862925482981 0.6178736517719569 0.8426862925482981 0.6255778120184899 0.84360625574977 0.6286594761171033 0.8454461821527139 0.6425269645608629 0.8445262189512419 0.6456086286594761 0.8426862925482981 0.6471494607087828 0.8371665133394665 0.6332819722650231 0.8242870285188593 0.6332819722650231 0.8215271389144434 0.637904468412943 0.8187672493100276 0.6394453004622496 0.8104875804967802 0.6363636363636364 0.8068077276908924 0.6317411402157165 0.8040478380864765 0.6147919876733436 0.8049678012879485 0.5978428351309707 0.795768169273229 0.5947611710323575 0.795768169273229 0.5839753466872111 0.8012879484820608 0.5839753466872111 0.8104875804967802
0 0.17103235747303544 0.7010119595216191 0.16640986132511557 0.702851885924563 0.16486902927580893 0.7129714811407544 0.15254237288135594 0.7221711131554738 0.14175654853620956 0.7249310027598896 0.1325115562403698 0.7240110395584176 0.12480739599383667 0.7258509659613616 0.12326656394453005 0.734130634774609 0.12942989214175654 0.7414903403863845 0.1386748844375963 0.7424103035878565 0.17103235747303544 0.7387304507819688 0.17719568567026195 0.7396504139834407 0.19106317411402157 0.7506899724011039 0.20647149460708783 0.749770009199632 0.21879815100154082 0.7433302667893285 0.22033898305084745 0.7387304507819688 0.21263482280431434 0.7359705611775529 0.23112480739599384 0.7286108555657773 0.23420647149460708 0.7249310027598896 0.23266563944530047 0.718491260349586 0.2280431432973806 0.7157313707451702 0.21879815100154082 0.7157313707451702 0.21571648690292758 0.718491260349586 0.20955315870570107 0.718491260349586 0.2033898305084746 0.7157313707451702 0.18798151001540833 0.7148114075436982 0.18489984591679506 0.7120515179392825 0.2033898305084746 0.7000919963201472 0.20647149460708783 0.6964121435142594 0.2049306625577812 0.6927322907083716 0.19568567026194145 0.6927322907083716 0.18335901386748846 0.7010119595216191 0.17103235747303544 0.7010119595216191
0 0.386748844375963 0.5354185832566697 0.3882896764252696 0.5446182152713891 0.38212634822804314 0.546458141674333 0.37442218798151 0.5519779208831647 0.37442218798151 0.5593376264949402 0.36517719568567025 0.5648574057037719 0.35901386748844377 0.5722171113155474 0.362095531587057 0.5749770009199632 0.37442218798151 0.578656853725851 0.38212634822804314 0.578656853725851 0.3882896764252696 0.5758969641214351 0.39599383667180277 0.5685372585096596 0.41140215716486905 0.5685372585096596 0.4268104776579353 0.5758969641214351 0.44684129429892144 0.5722171113155474 0.44838212634822805 0.5666973321067157 0.4406779661016949 0.5593376264949402 0.4406779661016949 0.5556577736890524 0.45454545454545453 0.5538178472861086 0.4622496147919877 0.5455381784728611 0.4622496147919877 0.5427782888684453 0.4514637904468413 0.5372585096596136 0.42989214175654855 0.5400183992640294 0.4221879815100154 0.5354185832566697 0.41910631741140214 0.5354185832566697 0.41140215716486905 0.5381784728610856 0.4098613251155624 0.5354185832566697 0.40061633281972264 0.53081876724931 0.39445300462249616 0.53081876724931 0.3882896764252696 0.5326586936522539 0.386748844375963 0.5354185832566697
0 0.325115562403698 0.5298988040478381 0.31741140215716485 0.5326586936522539 0.31278890600924497 0.5390984360625575 0.288135593220339 0.5400183992640294 0.2711864406779661 0.5446182152713891 0.26810477657935283 0.547378104875805 0.2711864406779661 0.5685372585096596 0.2896764252696456 0.5768169273229071 0.3035439137134052 0.5758969641214351 0.325115562403698 0.578656853725851 0.3359013867488444 0.577736890524379 0.34514637904468415 0.5676172953081877 0.34668721109399075 0.5593376264949402 0.35285053929121724 0.5547378104875805 0.3605546995377504 0.5519779208831647 0.362095531587057 0.5446182152713891 0.3713405238828968 0.5400183992640294 0.3682588597842835 0.5326586936522539 0.362095531587057 0.5289788408463661 0.3543913713405239 0.5289788408463661 0.34668721109399075 0.531738730450782 0.325115562403698 0.5298988040478381
0 0.5454545454545454 0.46366145354185834 0.5423728813559322 0.46642134314627415 0.5454545454545454 0.46918123275068996 0.5454545454545454 0.47194112235510577 0.5439137134052389 0.47286108555657774 0.539291217257319 0.47286108555657774 0.5377503852080123 0.47562097516099355 0.5346687211093991 0.4765409383624655 0.5346687211093991 0.47930082796688134 0.5315870570107858 0.48206071757129715 0.5346687211093991 0.48390064397424104 0.5346687211093991 0.48574057037718493 0.539291217257319 0.48850045998160074 0.5439137134052389 0.48850045998160074 0.5469953775038521 0.49034038638454464 0.5562403697996918 0.49310027598896045 0.5639445300462249 0.49310027598896045 0.5654853620955316 0.4921803127874885 0.5701078582434514 0.4921803127874885 0.5778120184899846 0.49034038638454464 0.5793528505392912 0.48758049678012877 0.5824345146379045 0.48574057037718493 0.5824345146379045 0.47838086476540936 0.5778120184899846 0.47838086476540936 0.5731895223420647 0.4765409383624655 0.5731895223420647 0.47470101195952163 0.5716486902927581 0.47378104875804966 0.5685670261941448 0.47470101195952163 0.5670261941448382 0.47378104875804966 0.5670261941448382 0.46826126954921804 0.5624036979969184 0.46458141674333026 0.5608628659476117 0.45906163753449863 0.559322033898305 0.45814167433302666 0.5485362095531587 0.45814167433302666 0.5454545454545454 0.45998160073597055 0.5454545454545454 0.46366145354185834
0 0.35130970724191063 0.47470101195952163 0.3420647149460709 0.48206071757129715 0.3359013867488444 0.48022079116835326 0.3235747303543914 0.47194112235510577 0.3035439137134052 0.47102115915363385 0.288135593220339 0.47470101195952163 0.2850539291217257 0.47838086476540936 0.288135593220339 0.48482060717571296 0.3050847457627119 0.49126034958601655 0.325115562403698 0.49034038638454464 0.32819722650231126 0.4921803127874885 0.33436055469953774 0.4921803127874885 0.34514637904468415 0.48758049678012877 0.3543913713405239 0.48574057037718493 0.362095531587057 0.48206071757129715 0.362095531587057 0.47930082796688134 0.3667180277349769 0.4765409383624655 0.3697996918335901 0.4765409383624655 0.37596302003081666 0.47378104875804966 0.37442218798151 0.46458141674333026 0.3574730354391371 0.45906163753449863 0.3543913713405239 0.45906163753449863 0.349768875192604 0.46366145354185834 0.35130970724191063 0.47470101195952163