0 0.17114847504025765 0.2070312495543672 0.14468221578099838 0.20800781283422462 0.14997546859903382 0.2128906247771836 0.1729128921095008 0.21191406238859178 0.17644172624798712 0.20996093761140822 0.17114847504025765 0.2070312495543672
0 0.187028230273752 0.18261718716577538 0.19408590016103058 0.17675781283422462 0.18879264734299517 0.171875 0.17114847504025765 0.1679687504456328 0.16585522383252818 0.17285156238859178 0.17644172624798712 0.17871093761140822 0.15173988566827698 0.19042968716577538 0.16056197101449277 0.1953125 0.1834993961352657 0.19433593761140822 0.19055706602254427 0.19238281283422462 0.187028230273752 0.18261718716577538
0 0.2011435684380032 0.14746093761140822 0.20643682125603866 0.1445312495543672 0.20996565539452497 0.1445312495543672 0.21349448953301126 0.1425781247771836 0.22055215942028988 0.1425781247771836 0.22937424476650564 0.13769531283422462 0.22937424476650564 0.13378906238859178 0.2240809935587762 0.1308593752228164 0.22055215942028988 0.1308593752228164 0.21702332367149757 0.1289062495543672 0.20643682125603866 0.1289062495543672 0.20290798550724637 0.1308593752228164 0.19937915136876005 0.1308593752228164 0.1976147342995169 0.13183593761140822 0.1976147342995169 0.13378906238859178 0.19408590016103058 0.13574218716577538 0.19408590016103058 0.13769531283422462 0.187028230273752 0.14160156238859178 0.187028230273752 0.14550781283422462 0.18526381320450885 0.1464843752228164 0.17467730917874397 0.1464843752228164 0.1693840579710145 0.14941406238859178 0.1693840579710145 0.15136718716577538 0.17467730917874397 0.1542968752228164 0.19232148309178743 0.1542968752228164 0.19585031723027374 0.15625 0.20643682125603866 0.15625 0.2082012383252818 0.15527343761140822 0.21173007246376813 0.15332031283422462 0.2011435684380032 0.14746093761140822
0 0.4428687342995169 0.15625 0.42169572785829307 0.15625 0.4111092238325282 0.1601562495543672 0.40934480676328505 0.15527343761140822 0.3969938856682769 0.1503906247771836 0.3846429645732689 0.15332031283422462 0.3846429645732689 0.16503906238859178 0.39346505152979067 0.1699218752228164 0.40758038969404187 0.1679687504456328 0.42522456199677944 0.1757812495543672 0.4587484895330113 0.17675781283422462 0.4587484895330113 0.16503906238859178 0.4428687342995169 0.15625
0 0.5434405185185185 0.19824218716577538 0.5328540161030596 0.19238281283422462 0.5469693542673109 0.18847656238859178 0.5469693542673109 0.18066406238859178 0.5381472673107891 0.1796875 0.5363828502415459 0.17480468716577538 0.5063877568438003 0.1601562495543672 0.4746282463768116 0.1582031247771836 0.46580615942028986 0.16308593761140822 0.47286382930756843 0.17285156238859178 0.4587484895330113 0.18457031283422462 0.4710994106280193 0.1914062495543672 0.4922724186795491 0.1855468752228164 0.513445425120773 0.1855468752228164 0.5152098421900161 0.18847656238859178 0.5028589227053141 0.1894531247771836 0.49403683574879226 0.19824218716577538 0.5028589227053141 0.203125 0.5363828502415459 0.20605468716577538 0.5434405185185185 0.20410156238859178 0.5434405185185185 0.19824218716577538
0 0.5416761014492754 0.2304687504456328 0.5293251819645732 0.22949218716577538 0.5328540161030596 0.21972656238859178 0.5187386779388085 0.20800781283422462 0.5063877568438003 0.2050781247771836 0.4887435845410628 0.2070312495543672 0.4834503317230273 0.21191406238859178 0.490508001610306 0.22167968716577538 0.5169742608695652 0.24023437522281643 0.5328540161030596 0.2412109376114082 0.5469693542673109 0.2353515623885918 0.5416761014492754 0.2304687504456328
0 0.4693349935587761 0.2861328128342246 0.46404174235104667 0.27539062477718357 0.4463975700483092 0.2734375 0.43757548309178745 0.2763671871657754 0.4340466489533012 0.2841796871657754 0.4428687342995169 0.2890625 0.46404174235104667 0.2890625 0.4746282463768116 0.296875 0.49403683574879226 0.29589843761140816 0.4887435845410628 0.28710937522281643 0.4693349935587761 0.2861328128342246
0 0.42522456199677944 0.3046875 0.4305178132045089 0.2998046871657754 0.4164024766505636 0.2939453128342246 0.4269889790660225 0.29003906238859184 0.4305178132045089 0.28222656238859184 0.4111092238325282 0.28125 0.3969938856682769 0.2890625 0.37582087922705315 0.28710937522281643 0.3705276264090177 0.28222656238859184 0.3846429645732689 0.2763671871657754 0.3846429645732689 0.2705078128342246 0.37582087922705315 0.265625 0.35817670531400964 0.265625 0.3493546199677939 0.2705078128342246 0.3528834541062802 0.28222656238859184 0.33347486473429955 0.28320312477718357 0.3246527777777778 0.29003906238859184 0.33171044766505636 0.29785156238859184 0.3246527777777778 0.3095703128342246 0.33347486473429955 0.3125 0.3564122882447665 0.31152343761140816 0.40052271980676324 0.30273437522281643 0.42522456199677944 0.3046875
0 0.4111092238325282 0.5039062495543671 0.43581106602254427 0.5019531247771837 0.444633152979066 0.4990234376114082 0.444633152979066 0.4951171871657754 0.4287533961352657 0.4902343752228164 0.40758038969404187 0.4980468752228164 0.3952294685990338 0.4853515623885918 0.3987583027375201 0.4794921871657754 0.38640738164251204 0.47265624955436714 0.3705276264090177 0.4794921871657754 0.3705276264090177 0.4853515623885918 0.36170554106280195 0.4902343752228164 0.33700369887278586 0.4824218752228164 0.3246527777777778 0.4853515623885918 0.3246527777777778 0.4912109376114082 0.3493546199677939 0.5009765623885918 0.33171044766505636 0.5087890623885918 0.3405325330112721 0.5175781247771837 0.36170554106280195 0.5136718752228163 0.3952294685990338 0.5166015623885918 0.40934480676328505 0.5107421871657754 0.4111092238325282 0.5039062495543671
0 0.187028230273752 0.4560546871657754 0.19232148309178743 0.4609375 0.20467240257648953 0.4599609376114082 0.20290798550724637 0.453125 0.187028230273752 0.4560546871657754
0 0.3264171948470209 0.5625 0.3458257842190016 0.5615234376114082 0.3422969500805153 0.5498046871657754 0.32994602898550723 0.5410156247771837 0.31583069082125603 0.5429687504456329 0.30877302254428346 0.546875 0.30171535265700483 0.546875 0.2946576843800322 0.5429687504456329 0.2876000144927536 0.5429687504456329 0.28407118035426726 0.5410156247771837 0.2628981739130435 0.5410156247771837 0.2593693381642512 0.5429687504456329 0.2523116698872786 0.5390625 0.2381963317230274 0.5390625 0.23466749758454108 0.5410156247771837 0.222316576489533 0.5419921871657754 0.22584541062801933 0.5537109376114082 0.21173007246376813 0.5615234376114082 0.21173007246376813 0.5654296871657754 0.21702332367149757 0.5683593752228163 0.23466749758454108 0.5683593752228163 0.2381963317230274 0.5664062495543671 0.25584050402576486 0.5644531247771837 0.2593693381642512 0.5664062495543671 0.26995584219001606 0.5664062495543671 0.28407118035426726 0.5722656247771837 0.30347977133655396 0.5712890623885918 0.31935952657004835 0.5605468752228163 0.3264171948470209 0.5625
0 0.4481619871175524 0.5615234376114082 0.4587484895330113 0.5576171871657754 0.4587484895330113 0.5498046871657754 0.4463975700483092 0.5429687504456329 0.4146380579710145 0.5371093752228163 0.40581597262479874 0.5439453128342246 0.40581597262479874 0.5673828128342246 0.4181668937198068 0.5722656247771837 0.43757548309178745 0.5732421871657754 0.4481619871175524 0.5693359376114082 0.4481619871175524 0.5615234376114082
0 0.3846429645732689 0.6748046871657754 0.374056460547504 0.6689453128342246 0.38817180032206117 0.6611328128342246 0.3917006344605475 0.6533203128342246 0.3828785475040257 0.6484375 0.36523437520128826 0.6503906247771837 0.3546478711755233 0.6445312495543671 0.338768115942029 0.6494140623885918 0.338768115942029 0.6552734376114082 0.3175951078904992 0.6630859376114082 0.3175951078904992 0.6708984376114082 0.2964221014492754 0.6806640623885918 0.3123018566827697 0.6855468752228163 0.3405325330112721 0.6796875 0.3669987922705314 0.6845703128342246 0.3846429645732689 0.6806640623885918 0.3846429645732689 0.6748046871657754
0 0.2664270080515298 0.7558593752228163 0.23113866183574877 0.7519531247771837 0.2082012383252818 0.7548828128342246 0.1984669162640902 0.7820853529411765 0.2155226682769726 0.7849459429590018 0.2351626231884058 0.7672102843137255 0.25760492109500804 0.7705078128342246 0.27172025925925924 0.7607421871657754 0.2664270080515298 0.7558593752228163
0 0.28583559742351045 0.8251953128342246 0.28583559742351045 0.8134765623885918 0.2770135120772947 0.8105468752228163 0.2628981739130435 0.8125 0.24878283574879229 0.7988281247771837 0.23466749758454108 0.7988281247771837 0.22937424476650564 0.8095703128342246 0.23996074879227053 0.8271484376114082 0.22760982769726246 0.828125 0.20643682125603866 0.8203125 0.19408590016103058 0.8251953128342246 0.20290798550724637 0.8339843752228163 0.222316576489533 0.8388671871657754 0.2628981739130435 0.8359375 0.28583559742351045 0.8251953128342246
0 0.24172516586151366 0.7246093752228163 0.2470184186795491 0.7216796871657754 0.2470184186795491 0.7177734376114082 0.24525399999999997 0.7167968752228163 0.23466749758454108 0.7167968752228163 0.23113866183574877 0.7148437504456329 0.22760982769726246 0.7148437504456329 0.22584541062801933 0.7138671871657754 0.22584541062801933 0.7080078128342246 0.23643191465378421 0.7021484376114082 0.23643191465378421 0.6962890623885918 0.23466749758454108 0.6953125 0.22055215942028988 0.6953125 0.21173007246376813 0.7001953128342246 0.21173007246376813 0.7041015623885918 0.20996565539452497 0.7050781247771837 0.20643682125603866 0.7050781247771837 0.2011435684380032 0.7080078128342246 0.2011435684380032 0.7119140623885918 0.1976147342995169 0.7138671871657754 0.2011435684380032 0.7158203128342246 0.2011435684380032 0.7236328128342246 0.20643682125603866 0.7265625 0.22760982769726246 0.7265625 0.22937424476650564 0.7255859376114082 0.23113866183574877 0.7246093752228163 0.24172516586151366 0.7246093752228163
0 0.2381963317230274 0.6308593752228163 0.23996074879227053 0.6298828128342246 0.23996074879227053 0.6259765623885918 0.23643191465378421 0.6240234376114082 0.23643191465378421 0.6220703128342246 0.22937424476650564 0.6201171871657754 0.23113866183574877 0.6171875 0.23466749758454108 0.6171875 0.2381963317230274 0.6152343752228163 0.24525399999999997 0.6152343752228163 0.24878283574879229 0.6132812495543671 0.2523116698872786 0.6132812495543671 0.25584050402576486 0.6152343752228163 0.26995584219001606 0.6152343752228163 0.27172025925925924 0.6142578128342246 0.27172025925925924 0.6044921871657754 0.2664270080515298 0.6015625 0.24878283574879229 0.6015625 0.24172516586151366 0.609375 0.23113866183574877 0.609375 0.222316576489533 0.6142578128342246 0.222316576489533 0.6181640623885918 0.21702332367149757 0.6191406247771837 0.21349448953301126 0.6210937504456329 0.20996565539452497 0.6210937504456329 0.2011435684380032 0.6259765623885918 0.2011435684380032 0.6279296871657754 0.20996565539452497 0.6328125 0.21702332367149757 0.6328125 0.2187877423510467 0.6318359376114082 0.22055215942028988 0.6308593752228163 0.2381963317230274 0.6308593752228163
0 0.6493055555555556 0.6279296871657754 0.6440123043478261 0.6269531247771837 0.6387190515297906 0.6220703128342246 0.6387190515297906 0.6162109376114082 0.6351902173913043 0.6142578128342246 0.6351902173913043 0.6064453128342246 0.6493055555555556 0.5986328128342246 0.6440123043478261 0.59375 0.6263681304347826 0.59375 0.6228392962962963 0.5917968752228163 0.6087239581320452 0.5917968752228163 0.6051951239935588 0.59375 0.5981374541062802 0.59375 0.5946086199677939 0.5957031247771837 0.5769644476650564 0.5996093752228163 0.5681423607085345 0.6044921871657754 0.5681423607085345 0.6240234376114082 0.5769644476650564 0.6308593752228163 0.5981374541062802 0.6308593752228163 0.6016662898550725 0.6328125 0.6087239581320452 0.6328125 0.6228392962962963 0.6386718752228163 0.6404834685990338 0.6386718752228163 0.642247887278583 0.6376953128342246 0.6493055555555556 0.6357421871657754 0.6493055555555556 0.6279296871657754
0 0.49580125281803544 0.5820312495543671 0.5028589227053141 0.5820312495543671 0.5046233397745572 0.5810546871657754 0.5046233397745572 0.5771484376114082 0.4993300869565217 0.5742187504456329 0.49580125281803544 0.5742187504456329 0.4922724186795491 0.5761718752228163 0.4887435845410628 0.5761718752228163 0.4852147487922705 0.5742187504456329 0.4710994106280193 0.5742187504456329 0.46580615942028986 0.5771484376114082 0.46580615942028986 0.5830078128342246 0.4710994106280193 0.5859375 0.48168591465378424 0.5859375 0.4852147487922705 0.5878906247771837 0.4922724186795491 0.5878906247771837 0.49403683574879226 0.5869140623885918 0.49403683574879226 0.5830078128342246 0.49580125281803544 0.5820312495543671
0 0.5646135265700483 0.5732421871657754 0.5593202753623189 0.5703125 0.5522626054750402 0.5703125 0.5487337713365539 0.5683593752228163 0.5452049371980676 0.5683593752228163 0.5399116843800321 0.5712890623885918 0.5399116843800321 0.5751953128342246 0.5434405185185185 0.5771484376114082 0.5434405185185185 0.5791015623885918 0.5452049371980676 0.5800781247771837 0.5487337713365539 0.5800781247771837 0.5522626054750402 0.5820312495543671 0.5557914396135265 0.5820312495543671 0.5575558582930756 0.5810546871657754 0.5646135265700483 0.5771484376114082 0.5646135265700483 0.5732421871657754
0 0.28936443156199676 0.5302734376114082 0.28936443156199676 0.5244140623885918 0.28583559742351045 0.5224609376114082 0.28583559742351045 0.5205078128342246 0.28936443156199676 0.5185546871657754 0.28936443156199676 0.5087890623885918 0.28407118035426726 0.5058593752228163 0.26995584219001606 0.5058593752228163 0.2593693381642512 0.5117187504456329 0.25584050402576486 0.5097656247771837 0.2381963317230274 0.5097656247771837 0.23290307890499196 0.5126953128342246 0.23290307890499196 0.5185546871657754 0.2381963317230274 0.5214843752228163 0.24525399999999997 0.5214843752228163 0.24878283574879229 0.5234375 0.2523116698872786 0.5234375 0.25407608695652173 0.5244140623885918 0.25407608695652173 0.5263671871657754 0.25760492109500804 0.5283203128342246 0.25760492109500804 0.5322265623885918 0.26995584219001606 0.5390625 0.280542346215781 0.5390625 0.28230676328502413 0.5380859376114082 0.28230676328502413 0.5361328128342246 0.28936443156199676 0.5302734376114082
0 0.2876000144927536 0.4414062495543672 0.2964221014492754 0.4345703128342246 0.2964221014492754 0.43066406238859184 0.2928932673107891 0.4267578128342246 0.2787779291465378 0.42089843761140816 0.2787779291465378 0.4169921871657754 0.28583559742351045 0.4111328128342246 0.28583559742351045 0.40722656238859184 0.2770135120772947 0.4023437504456328 0.2664270080515298 0.4023437504456328 0.25584050402576486 0.40820312477718357 0.23466749758454108 0.40820312477718357 0.21702332367149757 0.3984375 0.20643682125603866 0.3984375 0.2011435684380032 0.4013671871657754 0.2011435684380032 0.4267578128342246 0.1976147342995169 0.42871093761140816 0.1976147342995169 0.4404296871657754 0.21702332367149757 0.4492187504456328 0.23113866183574877 0.4453125 0.24172516586151366 0.4453125 0.24525399999999997 0.44726562477718357 0.25584050402576486 0.44726562477718357 0.2593693381642512 0.4492187504456328 0.27172025925925924 0.4482421871657754 0.28407118035426726 0.4414062495543672 0.2876000144927536 0.4414062495543672
0 0.5293251819645732 0.4091796871657754 0.5205030950080515 0.40625 0.5169742608695652 0.40625 0.513445425120773 0.40820312477718357 0.5116810080515297 0.40722656238859184 0.5116810080515297 0.39941406238859184 0.5152098421900161 0.39746093761140816 0.5152098421900161 0.3955078128342246 0.5099165909822867 0.3945312495543672 0.4993300869565217 0.38867187522281643 0.49580125281803544 0.38867187522281643 0.4922724186795491 0.3867187504456328 0.47815708051529787 0.3867187504456328 0.47286382930756843 0.38964843761140816 0.4763926634460548 0.39160156238859184 0.4763926634460548 0.3935546871657754 0.4710994106280193 0.39648437522281643 0.4569840724637681 0.39648437522281643 0.45345523832528184 0.3945312495543672 0.4463975700483092 0.3945312495543672 0.4428687342995169 0.39257812477718357 0.43933990016103064 0.39257812477718357 0.4305178132045089 0.39746093761140816 0.4340466489533012 0.4033203128342246 0.45345523832528184 0.41210937522281643 0.4710994106280193 0.41210937522281643 0.47992149758454106 0.41503906238859184 0.47815708051529787 0.4179687504456328 0.46580615942028986 0.4189453128342246 0.46757057648953304 0.4257812495543672 0.4852147487922705 0.4257812495543672 0.4887435845410628 0.42382812477718357 0.49580125281803544 0.42382812477718357 0.4993300869565217 0.4257812495543672 0.5116810080515297 0.4248046871657754 0.5293251819645732 0.41308593761140816 0.5293251819645732 0.4091796871657754
0 0.49403683574879226 0.35058593761140816 0.49403683574879226 0.3486328128342246 0.4887435845410628 0.34570312477718357 0.4710994106280193 0.34570312477718357 0.4605129082125604 0.34960937522281643 0.45345523832528184 0.34960937522281643 0.45169082125603865 0.34277343761140816 0.4587484895330113 0.3388671871657754 0.4587484895330113 0.33691406238859184 0.4463975700483092 0.33007812477718357 0.43933990016103064 0.33007812477718357 0.43581106602254427 0.328125 0.40758038969404187 0.328125 0.40581597262479874 0.3310546871657754 0.38817180032206117 0.3408203128342246 0.38817180032206117 0.34472656238859184 0.3952294685990338 0.3486328128342246 0.3952294685990338 0.35058593761140816 0.40405155555555555 0.3554687504456328 0.40758038969404187 0.3554687504456328 0.4111092238325282 0.35742187522281643 0.4146380579710145 0.3554687504456328 0.432282231884058 0.3554687504456328 0.43581106602254427 0.35351562477718357 0.4428687342995169 0.35351562477718357 0.444633152979066 0.3564453128342246 0.44992640418679547 0.35742187522281643 0.4569840724637681 0.36132812477718357 0.4693349935587761 0.36035156238859184 0.48168591465378424 0.35742187522281643 0.49403683574879226 0.35058593761140816
0 0.2523116698872786 0.33789062477718357 0.2593693381642512 0.34179687522281643 0.2628981739130435 0.34179687522281643 0.2664270080515298 0.33789062477718357 0.2770135120772947 0.3359375 0.28936443156199676 0.3310546871657754 0.2770135120772947 0.3242187504456328 0.26995584219001606 0.3242187504456328 0.25584050402576486 0.328125 0.2470184186795491 0.32128906238859184 0.2470184186795491 0.3154296871657754 0.24348958293075684 0.31152343761140816 0.23466749758454108 0.30664062477718357 0.2240809935587762 0.30664062477718357 0.21349448953301126 0.31054687522281643 0.20643682125603866 0.3085937504456328 0.19232148309178743 0.3085937504456328 0.18173497906602254 0.3164062495543672 0.16232638969404187 0.3173828128342246 0.16232638969404187 0.3232421871657754 0.16761964090177134 0.32617187522281643 0.17467730917874397 0.328125 0.18526381320450885 0.328125 0.18879264734299517 0.33007812477718357 0.19937915136876005 0.33007812477718357 0.20643682125603866 0.3359375 0.20996565539452497 0.3359375 0.21702332367149757 0.3398437504456328 0.2240809935587762 0.3398437504456328 0.22760982769726246 0.34375 0.23290307890499196 0.34277343761140816 0.24525399999999997 0.33789062477718357 0.2523116698872786 0.33789062477718357
0 0.25584050402576486 0.2734375 0.2593693381642512 0.27539062477718357 0.2664270080515298 0.27539062477718357 0.26995584219001606 0.2734375 0.2734846763285024 0.2734375 0.280542346215781 0.2695312495543672 0.28936443156199676 0.2685546871657754 0.28936443156199676 0.26464843761140816 0.28230676328502413 0.2607421871657754 0.28230676328502413 0.25878906238859184 0.28583559742351045 0.25683593761140816 0.28583559742351045 0.25097656238859184 0.28407118035426726 0.25 0.25584050402576486 0.25 0.2523116698872786 0.24804687522281643 0.24878283574879229 0.24804687522281643 0.24525399999999997 0.25 0.2240809935587762 0.25 0.22055215942028988 0.25195312477718357 0.21702332367149757 0.25195312477718357 0.20643682125603866 0.2578125 0.19585031723027374 0.25976562477718357 0.19055706602254427 0.26464843761140816 0.19937915136876005 0.2695312495543672 0.20643682125603866 0.2695312495543672 0.20996565539452497 0.27148437522281643 0.22055215942028988 0.27148437522281643 0.222316576489533 0.27441406238859184 0.23113866183574877 0.2773437504456328 0.24172516586151366 0.2773437504456328 0.24348958293075684 0.2763671871657754 0.2523116698872786 0.27539062477718357 0.25584050402576486 0.2734375
0 0.2946576843800322 0.1875 0.3070086054750403 0.18066406238859178 0.3070086054750403 0.17871093761140822 0.3140662737520129 0.17285156238859178 0.3140662737520129 0.16894531283422462 0.31935952657004835 0.1679687504456328 0.3246527777777778 0.16308593761140822 0.3246527777777778 0.15722656238859178 0.3211239436392915 0.15527343761140822 0.3211239436392915 0.15136718716577538 0.31583069082125603 0.1484375 0.30524418840579715 0.1484375 0.30171535265700483 0.1503906247771836 0.2981865185185185 0.1503906247771836 0.2946576843800322 0.15625 0.26995584219001606 0.15625 0.25584050402576486 0.1621093752228164 0.24878283574879229 0.15625 0.24172516586151366 0.15625 0.23643191465378421 0.15917968716577538 0.23996074879227053 0.16894531283422462 0.22584541062801933 0.18066406238859178 0.22937424476650564 0.18261718716577538 0.22937424476650564 0.18457031283422462 0.24172516586151366 0.1875 0.24525399999999997 0.1914062495543672 0.2770135120772947 0.1914062495543672 0.2787779291465378 0.19042968716577538 0.28407118035426726 0.1875 0.2946576843800322 0.1875
0 0.3811141304347826 0.21777343761140822 0.3846429645732689 0.21582031283422462 0.3846429645732689 0.20605468716577538 0.3811141304347826 0.20410156238859178 0.3811141304347826 0.20214843761140822 0.374056460547504 0.19824218716577538 0.374056460547504 0.19628906238859178 0.3811141304347826 0.19433593761140822 0.3811141304347826 0.18847656238859178 0.37582087922705315 0.1855468752228164 0.36523437520128826 0.1855468752228164 0.3528834541062802 0.19042968716577538 0.3528834541062802 0.20019531283422462 0.3458257842190016 0.20214843761140822 0.34406136714975843 0.2070312495543672 0.3422969500805153 0.20214843761140822 0.33700369887278586 0.1972656247771836 0.32288836070853466 0.1972656247771836 0.3140662737520129 0.20019531283422462 0.3140662737520129 0.21582031283422462 0.3105374396135266 0.21777343761140822 0.3105374396135266 0.22363281283422462 0.31583069082125603 0.22851562477718357 0.3405325330112721 0.22851562477718357 0.34406136714975843 0.2304687504456328 0.3546478711755233 0.2304687504456328 0.35817670531400964 0.23242187522281643 0.37582087922705315 0.23242187522281643 0.3775852962962963 0.23144531283422462 0.3811141304347826 0.22949218716577538 0.3811141304347826 0.21777343761140822