0 0.6534783457814661 0.8994140625459898 0.6296153720608575 0.8847656247240618 0.620437305670816 0.8837890625459898 0.620437305670816 0.8759765621780722 0.6075880124481328 0.8730468749080206 0.602081172890733 0.8759765621780722 0.605752398340249 0.8837890625459898 0.5929031051175657 0.8828125003679176 0.587396265560166 0.8857421876379692 0.5837250387275242 0.9033203127299486 0.5965743319502075 0.9140625003679176 0.6149304661134163 0.9121093752759382 0.638793438450899 0.9150390625459898 0.6534783457814661 0.9091796872700514 0.6534783457814661 0.8994140625459898
0 0.2735063858921162 0.890625 0.25698586583679117 0.8896484378219278 0.2643283195020747 0.8837890625459898 0.2606570926694329 0.8701171876379692 0.24780779944674966 0.8671874996320824 0.22945166666666666 0.8554687498160412 0.22210921300138312 0.8554687498160412 0.21109553250345783 0.8632812501839588 0.20375308022130015 0.8632812501839588 0.19090378699861688 0.8701171876379692 0.19090378699861688 0.8759765621780722 0.21293114661134163 0.8818359374540102 0.20558869294605808 0.8876953127299486 0.20558869294605808 0.8955078123620308 0.22210921300138312 0.8964843752759382 0.23312289349930845 0.8886718749080206 0.24597218672199173 0.8916015621780722 0.24597218672199173 0.9013671876379692 0.2514790262793914 0.9042968749080206 0.26799954633471645 0.9033203127299486 0.2790132254495159 0.8935546872700514 0.2735063858921162 0.890625
0 0.5121361189488243 0.328125 0.49377998616874136 0.3339843752759382 0.48643753250345784 0.3398437498160412 0.4754238520055325 0.3320312501839588 0.4680813997233748 0.3320312501839588 0.466245785615491 0.3369140625459897 0.4368759723374827 0.3525390625459897 0.4332047455048409 0.3623046872700515 0.4387115864453665 0.3652343752759382 0.4680813997233748 0.3632812501839588 0.48643753250345784 0.37304687490802063 0.5066292793914247 0.3720703127299485 0.5249854121715076 0.3310546872700515 0.5121361189488243 0.328125
0 0.6075880124481328 0.4082031250919794 0.6130948520055325 0.40527343782192793 0.6167660788381742 0.39160156217807207 0.6002455587828492 0.38281250036791764 0.5745469723374828 0.38281250036791764 0.5635332918395574 0.3769531250919794 0.5525196127247579 0.3769531250919794 0.5433415463347164 0.3818359374540103 0.5396703195020747 0.3955078123620309 0.5286566390041494 0.40722656217807207 0.5451771590594744 0.4082031250919794 0.5561908395573997 0.4121093752759382 0.5763825850622406 0.4111328123620309 0.5818894260027663 0.4082031250919794 0.6075880124481328 0.4082031250919794
0 0.585560652835408 0.4726562501839588 0.5984099460580913 0.46777343782192793 0.5984099460580913 0.4619140625459897 0.5929031051175657 0.4589843752759382 0.5745469723374828 0.46093749963208236 0.5561908395573997 0.4511718749080206 0.5304922517289073 0.4472656247240618 0.5213141853388658 0.4501953127299485 0.5286566390041494 0.4599609374540103 0.5249854121715076 0.4736328123620309 0.5359990926694329 0.4736328123620309 0.5598620650069157 0.4707031250919794 0.585560652835408 0.4726562501839588
0 0.34142407883817427 0.4130859374540103 0.32673917289073307 0.4013671876379691 0.33408162655601664 0.3955078123620309 0.328574785615491 0.3886718749080206 0.30654742600276624 0.390625 0.3028761991701245 0.3964843752759382 0.29186252005532504 0.3925781250919794 0.2790132254495159 0.3955078123620309 0.2790132254495159 0.3994140625459897 0.2900269059474412 0.4033203127299485 0.2716707731673582 0.4111328123620309 0.2716707731673582 0.4150390625459897 0.2881912932226833 0.421875 0.30471181327800834 0.42089843782192793 0.3249035587828492 0.4199218749080206 0.34142407883817427 0.4130859374540103
0 0.40685782295988937 0.8962031986754967 0.40750615905947446 0.8837890625459898 0.38915002627939144 0.8759765621780722 0.38915002627939144 0.8681640625459898 0.38180757261410786 0.8662109374540102 0.3799719598893499 0.859375 0.33591723928077455 0.8730468749080206 0.3133670899031812 0.8676499624724062 0.3018250235131397 0.8670359139072848 0.30124791977869986 0.8728693708609272 0.3156755020746888 0.8876065253863135 0.31048157261410786 0.8937470066225166 0.3175611065006915 0.9042968749080206 0.33591723928077455 0.9042968749080206 0.3451077704011065 0.8974312950699044 0.34857039004149376 0.8928259337748344 0.3612666625172891 0.8885275974981603 0.3860821051175657 0.8974312950699044 0.3958928603042877 0.8980453428991905 0.40685782295988937 0.8962031986754967
0 0.33408162655601664 0.3701171876379691 0.34509530567081603 0.3662109374540103 0.33591723928077455 0.359375 0.30654742600276624 0.35742187490802063 0.3010405864453665 0.3544921876379691 0.3010405864453665 0.3505859374540103 0.32673917289073307 0.3408203127299485 0.32123233333333334 0.3378906247240618 0.2900269059474412 0.3486328123620309 0.293698132780083 0.3603515621780721 0.2643283195020747 0.3681640625459897 0.2643283195020747 0.3720703127299485 0.2735063858921162 0.3769531250919794 0.2992049723374827 0.3769531250919794 0.3138898796680498 0.3867187498160412 0.3193967192254495 0.3857421876379691 0.3304103997233748 0.3798828123620309 0.33408162655601664 0.3701171876379691
0 0.5304922517289073 0.28125 0.5359990926694329 0.2783203127299485 0.5323278658367911 0.2705078123620309 0.5158073457814661 0.265625 0.49377998616874136 0.265625 0.47175262517289074 0.2695312501839588 0.4625745587828492 0.2783203127299485 0.47909507883817426 0.28125 0.482766305670816 0.2890625003679176 0.4956155988934993 0.2880859374540103 0.5084648921161825 0.2773437498160412 0.5304922517289073 0.28125
0 0.4992868257261411 0.5380859374540102 0.4956155988934993 0.5322265621780721 0.4992868257261411 0.5166015621780721 0.48643753250345784 0.5 0.47725946611341635 0.5048828123620309 0.47725946611341635 0.5185546872700515 0.466245785615491 0.5361328123620309 0.47175262517289074 0.5507812501839587 0.4992868257261411 0.5498046872700515 0.5066292793914247 0.5400390625459898 0.4992868257261411 0.5380859374540102
0 0.5616976791147994 0.5615234378219279 0.5488483858921162 0.5585937498160413 0.5194785726141079 0.5605468749080206 0.4974512130013831 0.5566406247240618 0.4919443720608575 0.5673828123620309 0.5084648921161825 0.578125 0.5139717316735823 0.5771484378219279 0.5598620650069157 0.5742187498160413 0.5616976791147994 0.5615234378219279
0 0.5415059322268326 0.859375 0.5543552254495159 0.8583984378219278 0.5433415463347164 0.8486328123620308 0.5396703195020747 0.8369140625459898 0.5323278658367911 0.8330078123620308 0.5359990926694329 0.8193359374540102 0.5158073457814661 0.8222656247240618 0.5011224384508991 0.8183593752759382 0.4919443720608575 0.8271484378219278 0.47725946611341635 0.8310546872700514 0.4809306929460581 0.8408203127299486 0.5029580525587828 0.8564453127299486 0.5066292793914247 0.8740234378219278 0.5158073457814661 0.8789062501839588 0.5359990926694329 0.8779296872700514 0.5359990926694329 0.8642578123620308 0.5415059322268326 0.859375