0 0.7934268286082474 0.50390625 0.811256644329897 0.5019531245059289 0.8150773195876289 0.4951171877470356 0.8125302036082475 0.4697265622529644 0.7857854780927835 0.4609375 0.7590407538659794 0.4755859377470356 0.7539465206185567 0.4873046877470356 0.7590407538659794 0.5087890622529645 0.7654085451030929 0.5136718754940712 0.7768705695876288 0.5126953122529645 0.7883325953608247 0.5097656245059288 0.7934268286082474 0.50390625
0 0.5196117912371134 0.4794921877470356 0.5196117912371134 0.4697265622529644 0.497961300257732 0.4589843754940711 0.48013148324742266 0.4667968754940711 0.46994301675257727 0.45703125 0.4521132010309279 0.45703125 0.4431982925257732 0.4619140622529644 0.4431982925257732 0.4697265622529644 0.4381040592783505 0.4736328122529644 0.4393776172680412 0.48828125 0.45975455025773193 0.49609375 0.4928670670103093 0.4921875 0.497961300257732 0.48828125 0.5106968827319587 0.4980468754940711 0.5247060244845361 0.4970703122529644 0.5323473737113402 0.4912109377470356 0.5196117912371134 0.4794921877470356
0 0.6278642474226803 0.64453125 0.6367791559278351 0.6396484377470355 0.6380527139175257 0.6328125 0.6558825309278351 0.6347656245059288 0.6571560889175257 0.6298828122529645 0.6431469471649485 0.625 0.6367791559278351 0.6142578122529645 0.671165230670103 0.6074218754940712 0.6749859046391752 0.5947265622529645 0.6660709974226804 0.5878906245059288 0.6456940644329897 0.5859375 0.6227700141752577 0.5878906245059288 0.617675780927835 0.59765625 0.594751731958763 0.59375 0.5883839407216495 0.5986328122529645 0.5858368234536082 0.6103515622529645 0.5731012396907217 0.6181640622529645 0.5960252899484536 0.6220703122529645 0.5858368234536082 0.6298828122529645 0.5858368234536082 0.6376953122529645 0.594751731958763 0.6464843754940712 0.5985724072164949 0.6455078122529645 0.6074873144329896 0.640625 0.6278642474226803 0.64453125
0 0.39989730927835054 0.5654296877470355 0.4126328930412371 0.5556640622529645 0.4126328930412371 0.5439453122529645 0.40626510180412373 0.5390625 0.3655112358247423 0.5292968754940712 0.3565963273195876 0.5341796877470355 0.3565963273195876 0.5478515622529645 0.3451343028350516 0.55859375 0.33494583634020625 0.5605468754940712 0.3171160193298969 0.546875 0.29801264432989694 0.5537109377470355 0.29801264432989694 0.5595703122529645 0.3107482280927835 0.5693359377470355 0.30947467010309276 0.5859375 0.32730448582474225 0.58984375 0.3362193943298969 0.5830078122529645 0.33367227835051544 0.5771484377470355 0.3374929523195876 0.5761718754940712 0.3578698853092783 0.58203125 0.36805835180412366 0.5917968754940712 0.3795203762886598 0.5927734377470355 0.3973501932989691 0.5810546877470355 0.39989730927835054 0.5654296877470355
0 0.6227700141752577 0.7089843754940712 0.6278642474226803 0.7207031245059288 0.6355055979381443 0.7128906245059288 0.6609767641752577 0.71484375 0.6698916726804125 0.7099609377470355 0.6698916726804125 0.7001953122529645 0.6584296469072165 0.6894531245059288 0.6304113646907217 0.6816406245059288 0.6074873144329896 0.6855468754940712 0.5998459652061856 0.6796875 0.5896574987113402 0.6796875 0.5590920992268041 0.6933593754940712 0.5489036327319587 0.6933593754940712 0.5399887242268041 0.7001953122529645 0.5450829574742269 0.7138671877470355 0.5565449819587629 0.71484375 0.5641863324742269 0.72265625 0.5985724072164949 0.7236328122529645 0.6049401984536082 0.7089843754940712 0.6227700141752577 0.7089843754940712
0 0.48013148324742266 0.7265625 0.45466031701030923 0.72265625 0.43300982603092786 0.7353515622529645 0.4393776172680412 0.7441406245059288 0.45975455025773193 0.7519531245059288 0.4661223427835052 0.7509765622529645 0.4814050412371134 0.7353515622529645 0.48013148324742266 0.7265625
0 0.5514507487113401 0.76953125 0.5285266997422681 0.765625 0.5005084162371134 0.7519531245059288 0.47885792525773196 0.7587890622529645 0.494140625 0.7705078122529645 0.505602649484536 0.7871093754940712 0.5425358402061856 0.7958984377470355 0.5578185412371134 0.7861328122529645 0.5514507487113401 0.76953125
0 0.4890463917525773 0.9423828122529645 0.47885792525773196 0.9287109377470355 0.4992348582474227 0.9169921877470355 0.5017819742268042 0.9130859377470355 0.4954141829896907 0.9082031245059288 0.4673959007731959 0.9082031245059288 0.45720743427835053 0.9042968754940712 0.4521132010309279 0.91015625 0.43173626804123716 0.9160156245059288 0.4253684768041237 0.9228515622529645 0.4253684768041237 0.9365234377470355 0.43683050128865986 0.9453125 0.4444718505154639 0.9453125 0.45466031701030923 0.953125 0.4661223427835052 0.9521484377470355 0.47503724999999997 0.9453125 0.4890463917525773 0.9423828122529645
0 0.4253684768041237 0.9228515622529645 0.40371798453608243 0.9121093754940712 0.39989730927835054 0.9208984377470355 0.404991543814433 0.9287109377470355 0.3973501932989691 0.9365234377470355 0.3973501932989691 0.9462890622529645 0.4202742422680412 0.9580078122529645 0.4304627087628866 0.9482421877470355 0.4253684768041237 0.9228515622529645
0 0.14136497293814432 0.5859375 0.15792123067010308 0.5712890622529645 0.13627073969072165 0.5546875 0.10315822293814433 0.5566406245059288 0.07896061597938143 0.5830078122529645 0.09551687371134021 0.59375 0.10697889819587629 0.5927734377470355 0.11844092268041237 0.5878906245059288 0.14136497293814432 0.5859375
0 0.17702460567010309 0.5214843754940712 0.16938325515463917 0.5214843754940712 0.16174190592783505 0.52734375 0.14900632216494847 0.5253906245059288 0.12480871391752578 0.5458984377470355 0.12862938917525774 0.5527343754940712 0.14391208891752577 0.55859375 0.16556257989690723 0.5576171877470355 0.18339239690721648 0.5322265622529645 0.17702460567010309 0.5214843754940712
0 0.7883325953608247 0.10351562450592885 0.7794176868556701 0.11035156225296443 0.7819648041237114 0.11816406225296443 0.7997946198453608 0.12011718774703557 0.7997946198453608 0.10839843774703557 0.7883325953608247 0.10351562450592885
0 0.6365979381443299 0.24110671936758893 0.6327319587628866 0.24703557312252963 0.615979381443299 0.24209486166007904 0.5966494845360825 0.24308300395256918 0.5811855670103093 0.2519762845849802 0.5914948453608248 0.2648221343873518 0.6146907216494846 0.26679841897233203 0.5992268041237113 0.2766798418972332 0.6005154639175257 0.2845849802371542 0.6108247422680413 0.29051383399209485 0.6237113402061856 0.29051383399209485 0.6404639175257731 0.2766798418972332 0.6920103092783505 0.2756916996047431 0.7010309278350515 0.2737154150197628 0.7074742268041238 0.26679841897233203 0.7061855670103093 0.2618577075098814 0.6932989690721649 0.2549407114624506 0.6971649484536082 0.25 0.7126288659793815 0.24604743083003952 0.7139175257731959 0.233201581027668 0.6958762886597938 0.22727272727272727 0.6817010309278351 0.23715415019762845 0.6713917525773195 0.22826086956521738 0.6713917525773195 0.22035573122529645 0.6520618556701031 0.21146245059288538 0.6430412371134021 0.21146245059288538 0.6288659793814433 0.22134387351778656 0.6365979381443299 0.24110671936758893
0 0.6082474226804123 0.3567193675889328 0.5979381443298969 0.35276679841897235 0.586340206185567 0.35276679841897235 0.5786082474226805 0.358695652173913 0.5773195876288659 0.36561264822134387 0.586340206185567 0.37450592885375494 0.6056701030927835 0.3774703557312253 0.6108247422680413 0.37549407114624506 0.6134020618556701 0.38438735177865613 0.6237113402061856 0.3922924901185771 0.6481958762886598 0.3922924901185771 0.6572164948453608 0.39624505928853754 0.6597938144329897 0.3922924901185771 0.6572164948453608 0.3883399209486166 0.6726804123711341 0.37549407114624506 0.7023195876288659 0.383399209486166 0.7126288659793815 0.3814229249011858 0.7190721649484536 0.36561264822134387 0.720360824742268 0.35276679841897235 0.720360824742268 0.3438735177865613 0.7152061855670103 0.33794466403162055 0.7023195876288659 0.3359683794466403 0.6855670103092784 0.3448616600790514 0.6778350515463918 0.3438735177865613 0.6675257731958762 0.33794466403162055 0.654639175257732 0.3458498023715415 0.6443298969072165 0.3438735177865613 0.625 0.3458498023715415 0.6211340206185567 0.3409090909090909 0.6327319587628866 0.3300395256916996 0.6314432989690721 0.32806324110671936 0.6262886597938144 0.32806324110671936 0.6082474226804123 0.33794466403162055 0.6082474226804123 0.3567193675889328
0 0.759020618556701 0.41304347826086957 0.7551546391752577 0.4150197628458498 0.7422680412371134 0.4061264822134387 0.729381443298969 0.4061264822134387 0.7242268041237113 0.41106719367588934 0.7255154639175257 0.42193675889328064 0.7319587628865979 0.4278656126482213 0.7396907216494846 0.4278656126482213 0.7448453608247423 0.4308300395256917 0.7435567010309279 0.44466403162055335 0.7487113402061856 0.4505928853754941 0.7628865979381443 0.4535573122529644 0.7757731958762887 0.44960474308300397 0.7873711340206185 0.46047430830039526 0.7925257731958762 0.4624505928853755 0.8041237113402062 0.4614624505928854 0.8118556701030928 0.45454545454545453 0.8092783505154639 0.44960474308300397 0.8105670103092784 0.4397233201581028 0.8195876288659794 0.4318181818181818 0.8311855670103093 0.4318181818181818 0.836340206185567 0.4288537549407115 0.8427835051546392 0.4199604743083004 0.8324742268041238 0.41007905138339923 0.8234536082474226 0.40711462450592883 0.8144329896907216 0.4061264822134387 0.8028350515463918 0.41007905138339923 0.7835051546391752 0.41007905138339923 0.779639175257732 0.4041501976284585 0.770618556701031 0.39920948616600793 0.7667525773195877 0.39920948616600793 0.7577319587628866 0.4051383399209486 0.759020618556701 0.41304347826086957
0 0.6353092783505154 0.47134387351778656 0.6430412371134021 0.4881422924901186 0.654639175257732 0.4891304347826087 0.6688144329896907 0.48320158102766797 0.6855670103092784 0.49110671936758893 0.6920103092783505 0.49110671936758893 0.7164948453608248 0.48221343873517786 0.7164948453608248 0.4743083003952569 0.7061855670103093 0.4762845849802372 0.7010309278350515 0.48320158102766797 0.6829896907216495 0.4772727272727273 0.6726804123711341 0.47035573122529645 0.6739690721649485 0.466403162055336 0.6623711340206185 0.46047430830039526 0.6507731958762887 0.4614624505928854 0.6430412371134021 0.4673913043478261 0.6301546391752577 0.4644268774703557 0.6146907216494846 0.4525691699604743 0.6108247422680413 0.45849802371541504 0.6108247422680413 0.4654150197628458 0.615979381443299 0.47035573122529645 0.6353092783505154 0.47134387351778656
0 0.6262886597938144 0.5128458498023716 0.6262886597938144 0.5187747035573123 0.6301546391752577 0.525691699604743 0.6443298969072165 0.5266798418972332 0.6533505154639175 0.5217391304347826 0.6623711340206185 0.5217391304347826 0.6817010309278351 0.5306324110671937 0.6868556701030928 0.5306324110671937 0.6920103092783505 0.5286561264822134 0.7036082474226805 0.5306324110671937 0.7152061855670103 0.5306324110671937 0.7190721649484536 0.5286561264822134 0.720360824742268 0.5197628458498024 0.7190721649484536 0.516798418972332 0.7139175257731959 0.5138339920948617 0.6958762886597938 0.5148221343873518 0.6842783505154639 0.5197628458498024 0.6739690721649485 0.5207509881422925 0.6688144329896907 0.516798418972332 0.6649484536082474 0.5177865612648221 0.6585051546391752 0.516798418972332 0.654639175257732 0.5138339920948617 0.6533505154639175 0.5098814229249012 0.6507731958762887 0.508893280632411 0.6430412371134021 0.508893280632411 0.6301546391752577 0.5098814229249012 0.6262886597938144 0.5128458498023716
0 0.7023195876288659 0.30039525691699603 0.7023195876288659 0.308300395256917 0.7074742268041238 0.3221343873517787 0.7100515463917526 0.3241106719367589 0.720360824742268 0.3221343873517787 0.7229381443298969 0.3231225296442688 0.7255154639175257 0.325098814229249 0.7255154639175257 0.3300395256916996 0.7319587628865979 0.3349802371541502 0.7358247422680413 0.3359683794466403 0.7512886597938144 0.3349802371541502 0.7551546391752577 0.33201581027667987 0.7551546391752577 0.3290513833992095 0.7319587628865979 0.3142292490118577 0.7306701030927835 0.3092885375494071 0.7242268041237113 0.2984189723320158 0.7255154639175257 0.2964426877470356 0.7242268041237113 0.29051383399209485 0.7177835051546392 0.2855731225296443 0.7152061855670103 0.2855731225296443 0.7100515463917526 0.29446640316205536 0.7023195876288659 0.30039525691699603
0 0.6971649484536082 0.17786561264822134 0.6932989690721649 0.18478260869565216 0.6984536082474226 0.19367588932806323 0.7048969072164949 0.1976284584980237 0.711340206185567 0.19861660079051383 0.7152061855670103 0.1976284584980237 0.7332474226804123 0.1976284584980237 0.7345360824742269 0.1966403162055336 0.759020618556701 0.1976284584980237 0.7628865979381443 0.19466403162055335 0.7667525773195877 0.19367588932806323 0.7654639175257731 0.18478260869565216 0.7603092783505154 0.17984189723320157 0.7461340206185567 0.1808300395256917 0.7435567010309279 0.18280632411067194 0.740979381443299 0.17984189723320157 0.7371134020618557 0.17885375494071146 0.7345360824742269 0.17885375494071146 0.7319587628865979 0.1808300395256917 0.729381443298969 0.17588932806324112 0.7177835051546392 0.17588932806324112 0.711340206185567 0.17193675889328064 0.7074742268041238 0.17193675889328064 0.7023195876288659 0.17391304347826086 0.6971649484536082 0.17786561264822134