0 0.5250455373406193 0.23535156287944492 0.4901792313296904 0.2226562497831743 0.46146580510018215 0.22460937467476147 0.45121100910746814 0.22949218733738075 0.4594148451730419 0.24707031222896791 0.4881282732240437 0.24902343712055508 0.5065869052823315 0.2460937502168257 0.5250455373406193 0.23535156287944492
0 0.533249373406193 0.3037109375542064 0.5229945774134791 0.29882812489158717 0.49838306921675773 0.3027343746747615 0.47377155919854286 0.30078124978317433 0.46146580510018215 0.29882812489158717 0.44916004918032787 0.28906249956634866 0.4368542950819672 0.28906249956634866 0.41429374499089255 0.2978515628794449 0.41429374499089255 0.3037109375542064 0.445058131147541 0.3125 0.4942811511839708 0.31054687510841283 0.5065869052823315 0.31445312489158717 0.5250455373406193 0.3134765628794449 0.533249373406193 0.3095703122289679 0.533249373406193 0.3037109375542064
0 0.5865743114754098 0.3369140624457936 0.568115679417122 0.3222656253252385 0.5353003333333334 0.3183593746747615 0.5045359453551912 0.3291015628794449 0.5045359453551912 0.3427734371205551 0.5311984153005465 0.36132812489158717 0.5537589653916211 0.3603515628794449 0.5783704754098361 0.3505859375542064 0.5865743114754098 0.3369140624457936
0 0.4265994990892532 0.4619140624457936 0.42249758105646634 0.4560546877710321 0.4040389489981785 0.4511718751084129 0.3671216848816029 0.4628906253252385 0.35481592896174863 0.4589843746747615 0.3384082568306011 0.4609375004336514 0.3322553788706739 0.4658203122289679 0.3445611329690346 0.4716796877710321 0.32610250091074683 0.47265624978317433 0.31584770673952645 0.4775390624457936 0.31584770673952645 0.4814453122289679 0.32610250091074683 0.484375 0.3671216848816029 0.4824218751084129 0.3917331930783242 0.4921875004336514 0.42249758105646634 0.4951171873373808 0.4183956630236794 0.4716796877710321 0.4265994990892532 0.4619140624457936
0 0.5537589653916211 0.4794921873373808 0.5476060874316939 0.4765624995663486 0.5270964972677595 0.4765624995663486 0.5291474553734062 0.4873046877710321 0.5455551293260473 0.4873046877710321 0.5537589653916211 0.485351562879445 0.5537589653916211 0.4794921873373808
0 0.7547529599271403 0.5244140624457936 0.7198866539162113 0.5058593746747615 0.7034789817850637 0.5078124995663487 0.69527514571949 0.5019531248915872 0.6727145938069217 0.5068359375542064 0.6727145938069217 0.5263671873373807 0.6788674717668488 0.5292968751084128 0.7506510418943534 0.5322265628794449 0.7588548779599271 0.5283203122289679 0.7547529599271403 0.5244140624457936
0 0.6768165136612022 0.5361328126626193 0.6768165136612022 0.5283203122289679 0.6173386976320583 0.5117187502168257 0.5865743114754098 0.5224609375542064 0.582472393442623 0.5380859375542064 0.6091348615664844 0.546875 0.6234915755919854 0.5458984371205551 0.6624597996357012 0.5449218751084128 0.6768165136612022 0.5361328126626193
0 0.4327523770491803 0.5546875004336513 0.42044662112932607 0.5410156253252385 0.39788607103825135 0.5439453122289679 0.3937841530054645 0.5498046877710321 0.4040389489981785 0.5546875004336513 0.42454853916211294 0.5546875004336513 0.4368542950819672 0.5625 0.45121100910746814 0.5615234371205551 0.455312927140255 0.5537109375542064 0.4327523770491803 0.5546875004336513
0 0.6686126757741347 0.6064453122289679 0.6686126757741347 0.5986328126626193 0.6583578816029143 0.5917968751084128 0.6296444535519126 0.5917968751084128 0.6029819836065573 0.5986328126626193 0.6583578816029143 0.6171875004336513 0.6768165136612022 0.6162109375542064 0.6809184316939891 0.6103515628794449 0.6686126757741347 0.6064453122289679
0 0.7137337777777778 0.6494140624457936 0.7034789817850637 0.6445312497831743 0.6624597996357012 0.6367187502168257 0.6255425355191256 0.6367187502168257 0.6193896575591985 0.6396484371205551 0.6070839016393442 0.6533203122289679 0.6173386976320583 0.6679687502168257 0.6542559617486339 0.6699218751084128 0.6665617176684882 0.6640624995663487 0.6932241857923498 0.6689453122289679 0.7178356958105646 0.6611328126626193 0.7137337777777778 0.6494140624457936
0 0.582472393442623 0.7587890624457936 0.6009310255009107 0.7539062497831743 0.6214406156648452 0.7558593746747615 0.6316954116575592 0.7509765628794449 0.6316954116575592 0.7451171873373807 0.592727189435337 0.7304687502168257 0.5804214335154827 0.7304687502168257 0.568115679417122 0.7382812497831743 0.5599118433515482 0.7382812497831743 0.557860883424408 0.7294921873373807 0.5353003333333334 0.7246093746747615 0.5250455373406193 0.7314453122289679 0.5291474553734062 0.7451171873373807 0.5106888233151183 0.7460937502168257 0.5045359453551912 0.7568359375542064 0.5188926593806922 0.7617187502168257 0.5517080054644808 0.7617187502168257 0.557860883424408 0.7705078126626193 0.5742685573770492 0.7724609375542064 0.5947781475409837 0.7685546877710321 0.582472393442623 0.7587890624457936
0 0.3835293570127504 0.8203124995663487 0.39788607103825135 0.8134765628794449 0.3937841530054645 0.8037109375542064 0.3732745610200364 0.8017578126626193 0.36917264298724956 0.7900390624457936 0.38147839890710383 0.7822265628794449 0.3753255209471767 0.7734375004336513 0.34866305282331517 0.7763671873373807 0.35481592896174863 0.7910156253252385 0.3343063387978142 0.7890624995663487 0.31789866484517304 0.7773437502168257 0.3055929107468124 0.7773437502168257 0.2953381147540984 0.7822265628794449 0.3117457887067395 0.7998046877710321 0.2912361967213115 0.8056640624457936 0.2912361967213115 0.8173828126626193 0.31789866484517304 0.8183593746747615 0.352764970856102 0.8251953122289679 0.36301976684881604 0.8203124995663487 0.3835293570127504 0.8203124995663487
0 0.6275934936247723 0.8330078126626193 0.6398992495446266 0.8271484371205551 0.6337463715846995 0.8164062497831743 0.6501540437158471 0.8203124995663487 0.6768165136612022 0.8134765628794449 0.6727145938069217 0.8017578126626193 0.6583578816029143 0.7988281248915872 0.6337463715846995 0.8105468751084128 0.6255425355191256 0.8105468751084128 0.6173386976320583 0.796875 0.5845233515482696 0.8007812497831743 0.5804214335154827 0.8066406253252385 0.568115679417122 0.7988281248915872 0.5476060874316939 0.796875 0.5414532094717669 0.8076171873373807 0.557860883424408 0.8154296877710321 0.53735129143898 0.8251953122289679 0.5414532094717669 0.8349609375542064 0.5517080054644808 0.8359375004336513 0.5968291074681239 0.828125 0.6029819836065573 0.8369140624457936 0.6152877395264117 0.8388671873373807 0.6296444535519126 0.8378906253252385 0.6275934936247723 0.8330078126626193
0 0.8306384480874317 0.7890624995663487 0.8408932440801458 0.7822265628794449 0.8285874881602914 0.7744140624457936 0.8326894061930783 0.7685546877710321 0.8224346120218579 0.7617187502168257 0.7896192659380692 0.7675781248915872 0.783466387978142 0.7724609375542064 0.7916702240437159 0.7802734371205551 0.783466387978142 0.7880859375542064 0.8060269380692168 0.7988281248915872 0.8121798160291439 0.7978515628794449 0.8162817340619307 0.7900390624457936 0.8306384480874317 0.7890624995663487
0 0.7014280218579235 0.7060546877710321 0.6911732276867031 0.7011718751084128 0.6624597996357012 0.7011718751084128 0.6460521256830601 0.6953124995663487 0.6316954116575592 0.6962890624457936 0.6378482896174864 0.7226562497831743 0.6706636357012751 0.7265624995663487 0.705529941712204 0.7255859375542064 0.7096318597449909 0.7197265628794449 0.7014280218579235 0.7060546877710321
0 0.3679417122040073 0.7233304423243712 0.3551912568306011 0.7224631396357328 0.34972677595628415 0.7241977450130095 0.3442622950819672 0.7241977450130095 0.3424408014571949 0.7276669557675629 0.3460837887067395 0.7328707718993929 0.3406193078324226 0.7363399826539462 0.3333333333333333 0.7389418907198613 0.3296903460837887 0.7389418907198613 0.3296903460837887 0.7406764960971379 0.3333333333333333 0.7406764960971379 0.3460837887067395 0.7458803122289679 0.34790528233151186 0.7519514310494363 0.36429872495446264 0.7606244579358196 0.37158469945355194 0.7597571552471812 0.3770491803278688 0.7614917606244579 0.3970856102003643 0.7623590633130962 0.40619307832422585 0.7606244579358196 0.41530054644808745 0.7562879444926279 0.41894353369763204 0.7476149176062445 0.424408014571949 0.7441457068516912 0.424408014571949 0.7398091934084996 0.41894353369763204 0.7389418907198613 0.41530054644808745 0.7363399826539462 0.41712204007285975 0.7320034692107545 0.4134790528233151 0.7285342584562012 0.39344262295081966 0.7198612315698178 0.3861566484517304 0.7198612315698178 0.37340619307832423 0.7207285342584562 0.3679417122040073 0.7233304423243712
0 0.2750455373406193 0.5021682567215958 0.2987249544626594 0.5047701647875108 0.30418943533697634 0.5151777970511708 0.3114754098360656 0.5160450997398092 0.3424408014571949 0.49262792714657416 0.29508196721311475 0.48829141370338247 0.29143897996357016 0.48829141370338247 0.2677595628415301 0.4978317432784042 0.2750455373406193 0.5021682567215958
0 0.16757741347905283 0.3642671292281006 0.16939890710382513 0.36947094535993064 0.1894353369763206 0.3764093668690373 0.1766848816029144 0.3842150910667823 0.18579234972677597 0.3876843018213356 0.2040072859744991 0.3876843018213356 0.24225865209471767 0.38074588031222895 0.26229508196721313 0.38594969644405897 0.2750455373406193 0.3746747614917606 0.2659380692167577 0.3547267996530789 0.25318761384335153 0.35299219427580225 0.22586520947176686 0.3564614050303556 0.20765027322404372 0.35039028620988727 0.2040072859744991 0.35039028620988727 0.18214936247723132 0.3616652211621856 0.16757741347905283 0.3642671292281006
0 0.4353369763205829 0.35732870771899394 0.4207650273224044 0.3633998265394623 0.40437158469945356 0.35559410234171723 0.39526411657559196 0.35732870771899394 0.37158469945355194 0.3720728534258456 0.34790528233151186 0.3746747614917606 0.34790528233151186 0.38161318300086733 0.37158469945355194 0.3842150910667823 0.38979963570127507 0.3798785776235906 0.4371584699453552 0.39028620988725066 0.4517304189435337 0.38941890719861233 0.4663023679417122 0.38074588031222895 0.44990892531876137 0.3746747614917606 0.43897996357012753 0.3746747614917606 0.4353369763205829 0.3686036426712923 0.4663023679417122 0.36253252385082396 0.4681238615664845 0.3538594969644406 0.45901639344262296 0.35039028620988727 0.45719489981785066 0.35039028620988727 0.4371584699453552 0.3521248915871639 0.4353369763205829 0.35732870771899394
0 0.5100182149362478 0.37814397224631396 0.4990892531876138 0.37814397224631396 0.4972677595628415 0.3764093668690373 0.4899817850637523 0.38161318300086733 0.4808743169398907 0.37727666955767564 0.47358834244080145 0.37727666955767564 0.46265938069216755 0.38074588031222895 0.4644808743169399 0.38594969644405897 0.46083788706739526 0.39375542064180397 0.46083788706739526 0.4032957502168257 0.4772313296903461 0.4084995663486557 0.5045537340619308 0.409366869037294 0.5227686703096539 0.41283607979184733 0.5336976320582878 0.417172593235039 0.5446265938069217 0.41803989592367735 0.5537340619307832 0.41543798785776237 0.5573770491803278 0.41023417172593235 0.5628415300546448 0.40763226366001737 0.5737704918032787 0.406764960971379 0.5792349726775956 0.4032957502168257 0.5737704918032787 0.39462272333044235 0.5428051001821493 0.3842150910667823 0.5409836065573771 0.3746747614917606 0.5391621129326047 0.37294015611448394 0.5300546448087432 0.3712055507372073 0.5264116575591985 0.3712055507372073 0.5209471766848816 0.3720728534258456 0.5100182149362478 0.37814397224631396
0 0.5391621129326047 0.424978317432784 0.5136612021857924 0.43018213356461404 0.4972677595628415 0.4414570685169124 0.4790528233151184 0.4449262792714657 0.4772313296903461 0.45013009540329574 0.48633879781420764 0.4570685169124024 0.4972677595628415 0.4562012142237641 0.5081967213114754 0.4527320034692108 0.5154826958105647 0.4562012142237641 0.5264116575591985 0.45533391153512576 0.5428051001821493 0.4562012142237641 0.5482695810564663 0.45793581960104074 0.5537340619307832 0.4562012142237641 0.5646630236794171 0.4570685169124024 0.5737704918032787 0.45446660884648743 0.5737704918032787 0.4449262792714657 0.5828779599271403 0.43972246313963576 0.5901639344262295 0.43972246313963576 0.5938069216757741 0.4371205550737207 0.5956284153005464 0.4284475281873374 0.581056466302368 0.42237640936686904 0.5591985428051002 0.4215091066782307 0.5555555555555556 0.419774501300954 0.5428051001821493 0.42237640936686904 0.5391621129326047 0.424978317432784
0 0.24408014571949 0.41023417172593235 0.2495446265938069 0.411968777103209 0.2495446265938069 0.4215091066782307 0.24043715846994534 0.424978317432784 0.22586520947176686 0.43451864700780574 0.22586520947176686 0.43972246313963576 0.22950819672131148 0.4440589765828274 0.23497267759562843 0.4457935819601041 0.24408014571949 0.4449262792714657 0.2568306010928962 0.44752818733738076 0.27140255009107467 0.44752818733738076 0.2786885245901639 0.44666088464874243 0.28233151183970856 0.4449262792714657 0.29143897996357016 0.4449262792714657 0.2987249544626594 0.4405897658282741 0.30601092896174864 0.43972246313963576 0.30601092896174864 0.43538594969644406 0.302367941712204 0.4362532523850824 0.29326047358834245 0.4319167389418907 0.2896174863387978 0.4327840416305291 0.2859744990892532 0.43104943625325237 0.2859744990892532 0.42671292281006074 0.2896174863387978 0.4241110147441457 0.2896174863387978 0.4215091066782307 0.28051001821493626 0.41543798785776237 0.2677595628415301 0.4111014744145707 0.2677595628415301 0.4084995663486557 0.26229508196721313 0.40242844752818735 0.2568306010928962 0.4032957502168257 0.2550091074681239 0.40242844752818735 0.24408014571949 0.40589765828274066 0.24408014571949 0.41023417172593235
0 0.1930783242258652 0.3217692974848222 0.18397085610200364 0.32437120555073723 0.18032786885245902 0.3269731136166522 0.18032786885245902 0.3304423243712056 0.16757741347905283 0.33998265394622723 0.16757741347905283 0.34518647007805725 0.1766848816029144 0.3512575888985256 0.18761384335154827 0.35559410234171723 0.20765027322404372 0.34952298352124894 0.21129326047358835 0.3512575888985256 0.21493624772313297 0.35039028620988727 0.2185792349726776 0.3425845620121422 0.22768670309653916 0.33564614050303554 0.2331511839708561 0.3347788378143972 0.24408014571949 0.33651344319167387 0.2586520947176685 0.3339115351257589 0.24772313296903462 0.3226366001734605 0.23497267759562843 0.32003469210754554 0.22950819672131148 0.3165654813529922 0.22404371584699453 0.3165654813529922 0.21311475409836064 0.32090199479618386 0.1930783242258652 0.3217692974848222
0 0.29508196721311475 0.31569817866435385 0.29326047358834245 0.31743278404163056 0.28051001821493626 0.32437120555073723 0.28051001821493626 0.3295750216825672 0.28233151183970856 0.3313096270598439 0.28415300546448086 0.33217692974848223 0.29508196721311475 0.33217692974848223 0.29690346083788705 0.3313096270598439 0.3114754098360656 0.3304423243712056 0.3132969034608379 0.3295750216825672 0.33879781420765026 0.3295750216825672 0.3406193078324226 0.32870771899392887 0.3442622950819672 0.32870771899392887 0.35154826958105645 0.32437120555073723 0.35154826958105645 0.32003469210754554 0.3442622950819672 0.3165654813529922 0.33515482695810567 0.3165654813529922 0.331511839708561 0.3148308759757155 0.331511839708561 0.31309627059843886 0.3242258652094718 0.31309627059843886 0.3242258652094718 0.3148308759757155 0.31693989071038253 0.3183000867302689 0.3132969034608379 0.3183000867302689 0.3114754098360656 0.31743278404163056 0.3114754098360656 0.31309627059843886 0.31876138433515483 0.3104943625325238 0.31693989071038253 0.3096270598438855 0.3114754098360656 0.3096270598438855 0.30418943533697634 0.3061578490893322 0.3005464480874317 0.3061578490893322 0.29508196721311475 0.3096270598438855 0.29508196721311475 0.31569817866435385
0 0.23679417122040072 0.2653946227233304 0.2185792349726776 0.2645273200346921 0.20765027322404372 0.2688638334778838 0.19854280510018216 0.2697311361665221 0.19672131147540983 0.27493495229835213 0.23497267759562843 0.2888117953165655 0.2586520947176685 0.29141370338248046 0.2641165755919854 0.2896790980052038 0.2877959927140255 0.29054640069384213 0.29326047358834245 0.28794449262792715 0.29508196721311475 0.28274067649609713 0.302367941712204 0.2792714657415438 0.30601092896174864 0.2810060711188205 0.30965391621129323 0.2775368603642671 0.30783242258652094 0.26279271465741544 0.2987249544626594 0.2593235039028621 0.3005464480874317 0.25498699045967044 0.28415300546448086 0.2532523850823938 0.28051001821493626 0.2532523850823938 0.24772313296903462 0.26019080659150046 0.23679417122040072 0.2653946227233304
0 0.546448087431694 0.26019080659150046 0.5482695810564663 0.2619254119687771 0.5628415300546448 0.26799653078924546 0.5664845173041895 0.27146574154379877 0.5628415300546448 0.2766695576756288 0.5628415300546448 0.28013876843018215 0.5664845173041895 0.2792714657415438 0.5701275045537341 0.28013876843018215 0.5774134790528234 0.2792714657415438 0.5828779599271403 0.2818733738074588 0.6083788706739527 0.2810060711188205 0.6156648451730419 0.2792714657415438 0.6229508196721312 0.27580225498699046 0.6229508196721312 0.2697311361665221 0.6156648451730419 0.2653946227233304 0.6102003642987249 0.2645273200346921 0.6065573770491803 0.26712922810060713 0.6010928961748634 0.2662619254119688 0.5883424408014571 0.2662619254119688 0.5828779599271403 0.26366001734605377 0.5664845173041895 0.2593235039028621 0.5628415300546448 0.2567215958369471 0.5573770491803278 0.25498699045967044 0.5500910746812386 0.25498699045967044 0.546448087431694 0.2567215958369471 0.546448087431694 0.26019080659150046