0 0.7353260869565217 0.7138671877309682 0.7445176626086956 0.7060546873614191 0.7445176626086956 0.7001953126385809 0.7376239808695652 0.6972656252771618 0.7054534643478261 0.6992187501847745 0.6663892660869566 0.7138671877309682 0.6663892660869566 0.7177734375461936 0.6778787356521739 0.7226562498152255 0.7077513582608695 0.7236328122690318 0.7192408295652174 0.7167968750923873 0.7353260869565217 0.7138671877309682
0 0.7215387234782609 0.6962890628233556 0.7215387234782609 0.6865234375461936 0.6985597826086957 0.6767578122690318 0.6939639947826086 0.6650390628233556 0.6870703130434782 0.6621093747228382 0.6457082208695651 0.6699218750923873 0.6342187495652173 0.6748046873614191 0.6342187495652173 0.6884765624538064 0.6480061147826087 0.6923828122690318 0.6594955843478261 0.703125 0.6801766295652174 0.7021484375461936 0.7008576765217391 0.7011718750923873 0.7215387234782609 0.6962890628233556
0 0.66868716 0.640625 0.62272928 0.6425781249076127 0.6043461269565218 0.6347656252771618 0.5928566573913043 0.6416015624538064 0.5928566573913043 0.6474609371766444 0.5997503391304349 0.6503906252771618 0.6548997965217391 0.6464843747228382 0.673282947826087 0.65625 0.6847724191304349 0.6552734375461936 0.6893682069565218 0.6474609371766444 0.66868716 0.640625
0 0.5239198365217391 0.6494140628233556 0.4940472139130435 0.6445312498152255 0.49174932 0.6376953126385809 0.4710682747826087 0.6289062498152255 0.45268512173913045 0.6308593747228382 0.44579144000000004 0.6376953126385809 0.4503872278260869 0.6533203126385809 0.4802598504347826 0.6542968750923873 0.4894514260869565 0.6601562498152255 0.5055366852173914 0.6611328122690318 0.5239198365217391 0.6552734375461936 0.5239198365217391 0.6494140628233556
0 0.41362092347826085 0.6572265624538064 0.39983356000000003 0.6513671877309682 0.39523777217391304 0.6396484375461936 0.3837483008695652 0.6367187501847745 0.36766304347826084 0.6416015624538064 0.36076936173913043 0.6484375003695492 0.34238620869565217 0.6484375003695492 0.3354925269565217 0.6513671877309682 0.3331946330434783 0.6601562498152255 0.3148114817391304 0.6582031249076127 0.29872622260869564 0.6630859371766444 0.3010241165217391 0.6679687501847745 0.35157778608695656 0.6660156252771618 0.36076936173913043 0.6699218750923873 0.3814504069565217 0.6689453126385809 0.41362092347826085 0.6611328122690318 0.41362092347826085 0.6572265624538064
0 0.6847724191304349 0.6259765624538064 0.6893682069565218 0.6201171877309682 0.6847724191304349 0.6083984375461936 0.6939639947826086 0.6005859371766444 0.6778787356521739 0.5996093747228382 0.6457082208695651 0.5898437501847745 0.6319208556521739 0.5898437501847745 0.6112398104347826 0.6005859371766444 0.6112398104347826 0.6123046873614191 0.5974524452173913 0.6162109371766444 0.5974524452173913 0.6220703126385809 0.6089419165217391 0.6328124996304508 0.6319208556521739 0.6367187501847745 0.6571976904347826 0.6357421877309682 0.673282947826087 0.6328124996304508 0.6847724191304349 0.6259765624538064
0 0.5262177304347826 0.5742187501847745 0.5170261547826086 0.5742187501847745 0.5101324730434782 0.5771484375461936 0.5101324730434782 0.5849609371766444 0.533111412173913 0.5849609371766444 0.5377072017391304 0.5791015624538064 0.5262177304347826 0.5742187501847745
0 0.5836650817391305 0.5439453126385809 0.5629840347826087 0.5351562498152255 0.5468987773913043 0.5341796873614191 0.5583882469565217 0.5292968750923873 0.581367187826087 0.5273437501847745 0.5951545513043478 0.5292968750923873 0.6066440208695653 0.5185546873614191 0.5859629756521739 0.5117187501847745 0.5675798226086957 0.5117187501847745 0.5537924591304347 0.515625 0.5400050956521739 0.5117187501847745 0.5124303669565218 0.5097656252771618 0.49174932 0.5205078122690318 0.5009408973913043 0.5478515624538064 0.5216219426086957 0.5527343747228382 0.5652819286956522 0.5537109371766444 0.5836650817391305 0.5478515624538064 0.5836650817391305 0.5439453126385809
0 0.4434935460869565 0.4863281249076127 0.4618766991304347 0.484375 0.4733661686956521 0.4794921877309682 0.4733661686956521 0.46972656245380634 0.49174932 0.46582031263858087 0.4963451095652174 0.4580078122690318 0.4894514260869565 0.4550781249076127 0.45268512173913045 0.4550781249076127 0.4434935460869565 0.4511718750923873 0.3837483008695652 0.44140624981522547 0.36996093739130437 0.42968750036954917 0.35157778608695656 0.43359375018477453 0.3285988452173913 0.43359375018477453 0.31021569217391304 0.42578124981522547 0.2872367530434783 0.42578124981522547 0.2757472834782609 0.4306640628233555 0.2757472834782609 0.43457031263858087 0.2941304347826087 0.44042968736141913 0.31021569217391304 0.4511718750923873 0.33089673913043477 0.45605468736141913 0.32400305739130436 0.46093750036954917 0.31021569217391304 0.46093750036954917 0.28953464695652176 0.46582031263858087 0.2918325408695652 0.46875 0.31710937565217395 0.47167968736141913 0.30791779826086957 0.4755859371766445 0.3125135860869565 0.48535156245380634 0.34238620869565217 0.4863281249076127 0.3745567252173913 0.47656249963045083 0.3860461947826087 0.4794921877309682 0.38834409043478263 0.48828124981522547 0.41362092347826085 0.4892578122690318 0.4251103947826087 0.4824218750923873 0.4434935460869565 0.4863281249076127
0 0.1654483686956522 0.3837890628233555 0.17004415826086958 0.3681640628233555 0.15395889913043478 0.3632812498152254 0.13557574782608697 0.3632812498152254 0.12408627652173913 0.3681640628233555 0.1286820660869565 0.3798828122690318 0.10110733739130434 0.38769531263858087 0.10110733739130434 0.3955078122690318 0.13097996 0.40039062527716185 0.15625679304347825 0.3994140628233555 0.17463994608695652 0.38964843754619366 0.1654483686956522 0.3837890628233555
0 0.6480061147826087 0.48730468736141913 0.6319208556521739 0.484375 0.6250271739130435 0.4912109371766445 0.6411124313043479 0.49609375018477453 0.6480061147826087 0.4951171877309682 0.6526019026086957 0.4931640628233555 0.6480061147826087 0.48730468736141913
0 0.5997503391304349 0.4550781249076127 0.5859629756521739 0.4550781249076127 0.5744735060869566 0.4599609371766445 0.581367187826087 0.46484375018477453 0.6020482330434782 0.46582031263858087 0.6066440208695653 0.4599609371766445 0.5997503391304349 0.4550781249076127
0 0.5997503391304349 0.3886718750923873 0.6112398104347826 0.3837890628233555 0.5836650817391305 0.3720703126385809 0.5836650817391305 0.3662109371766445 0.6020482330434782 0.35839843754619366 0.5951545513043478 0.3554687501847746 0.5767713999999999 0.3554687501847746 0.5629840347826087 0.36132812490761274 0.5537924591304347 0.36132812490761274 0.5354093078260869 0.35351562527716185 0.5216219426086957 0.35351562527716185 0.5101324730434782 0.35839843754619366 0.5101324730434782 0.3681640628233555 0.4848556382608696 0.36914062527716185 0.4779619565217391 0.3720703126385809 0.4779619565217391 0.3798828122690318 0.4894514260869565 0.38476562527716185 0.5423029895652174 0.3955078122690318 0.5629840347826087 0.390625 0.5997503391304349 0.3886718750923873
0 0.21600203826086956 0.24511718773096822 0.20910835652173915 0.24218750036954914 0.1861294156521739 0.24414062527716188 0.17693784 0.25195312490761274 0.1631504747826087 0.25195312490761274 0.15166100521739131 0.2568359371766445 0.15395889913043478 0.25976562527716185 0.17923573391304348 0.2626953126385809 0.21140625043478262 0.2529296873614191 0.21600203826086956 0.24511718773096822
0 0.5423029895652174 0.2724609371766445 0.5216219426086957 0.27343750036954917 0.49864300347826085 0.2617187501847746 0.4802598504347826 0.2617187501847746 0.4779619565217391 0.26464843754619366 0.49174932 0.2685546873614191 0.4963451095652174 0.28027343754619366 0.5124303669565218 0.28710937472283815 0.5239198365217391 0.2861328122690318 0.5423029895652174 0.2783203126385809 0.5423029895652174 0.2724609371766445
0 0.40869565217391307 0.8403547671840355 0.3808695652173913 0.8455284552845529 0.38782608695652177 0.8558758314855875 0.41043478260869565 0.861049519586105 0.40695652173913044 0.8736141906873615 0.41391304347826086 0.877309682187731 0.4260869565217391 0.8780487804878049 0.4504347826086956 0.8736141906873615 0.4765217391304348 0.8617886178861789 0.47304347826086957 0.8373983739837398 0.46956521739130436 0.8337028824833703 0.4573913043478261 0.8344419807834442 0.4504347826086956 0.8314855875831486 0.4469565217391304 0.8314855875831486 0.4226086956521739 0.8344419807834442 0.40869565217391307 0.8403547671840355
0 0.4539130434782609 0.802660753880266 0.44869565217391305 0.8063562453806357 0.44869565217391305 0.8107908351810791 0.44173913043478263 0.8152254249815225 0.42782608695652175 0.8144863266814486 0.42434782608695654 0.8159645232815964 0.41391304347826086 0.8240946045824095 0.41391304347826086 0.827790096082779 0.4226086956521739 0.8322246858832225 0.4295652173913043 0.8314855875831486 0.4365217391304348 0.8329637841832964 0.44521739130434784 0.8329637841832964 0.4591304347826087 0.8300073909830007 0.4817391304347826 0.8300073909830007 0.48869565217391303 0.8270509977827051 0.5026086956521739 0.8159645232815964 0.52 0.8100517368810052 0.52 0.8078344419807835 0.5147826086956522 0.8048780487804879 0.5043478260869565 0.804138950480414 0.49391304347826087 0.8063562453806357 0.4782608695652174 0.7997043606799704 0.4747826086956522 0.7997043606799704 0.46608695652173915 0.8019216555801921 0.4539130434782609 0.802660753880266
0 0.3739130434782609 0.8987435328898744 0.36695652173913046 0.9031781226903178 0.36 0.9046563192904656 0.3565217391304348 0.9083518107908352 0.36 0.9127864005912787 0.37217391304347824 0.9135254988913526 0.3773913043478261 0.9186991869918699 0.391304347826087 0.9238728750923872 0.4052173913043478 0.9260901699926091 0.4260869565217391 0.9246119733924612 0.43478260869565216 0.925351071692535 0.4365217391304348 0.9172209903917221 0.44173913043478263 0.9157427937915743 0.46608695652173915 0.9142645971914265 0.4678260869565217 0.9113082039911308 0.4765217391304348 0.9076127124907613 0.4817391304347826 0.8980044345898004 0.4817391304347826 0.8913525498891353 0.4747826086956522 0.8883961566888396 0.46956521739130436 0.8824833702882483 0.45565217391304347 0.8810051736881005 0.44869565217391305 0.8824833702882483 0.43478260869565216 0.8898743532889875 0.43130434782608695 0.8891352549889135 0.4260869565217391 0.8928307464892831 0.41739130434782606 0.8802660753880266 0.41043478260869565 0.8780487804878049 0.3982608695652174 0.8780487804878049 0.3826086956521739 0.8810051736881005 0.3739130434782609 0.8987435328898744
0 0.3269565217391304 0.861049519586105 0.32521739130434785 0.8662232076866223 0.31130434782608696 0.8728750923872876 0.3095652173913043 0.8780487804878049 0.28 0.8920916481892092 0.2782608695652174 0.8950480413895048 0.27652173913043476 0.9120473022912047 0.29391304347826086 0.9164818920916482 0.31478260869565217 0.925351071692535 0.3443478260869565 0.9194382852919438 0.35130434782608694 0.9083518107908352 0.3617391304347826 0.9068736141906873 0.37043478260869567 0.8965262379896526 0.37043478260869567 0.8920916481892092 0.3773913043478261 0.88470066518847 0.3773913043478261 0.8713968957871396 0.37565217391304345 0.8617886178861789 0.3652173913043478 0.8558758314855875 0.35391304347826086 0.8558758314855875 0.3339130434782609 0.8573540280857354 0.3269565217391304 0.861049519586105
0 0.48695652173913045 0.9231337767923133 0.4852173913043478 0.9356984478935698 0.46956521739130436 0.9416112342941612 0.46260869565217394 0.9416112342941612 0.45565217391304347 0.9371766444937176 0.44 0.9393939393939394 0.43478260869565216 0.9386548410938654 0.42782608695652175 0.9423503325942351 0.42086956521739133 0.943089430894309 0.4156521739130435 0.9467849223946785 0.4191304347826087 0.9526977087952697 0.44173913043478263 0.9526977087952697 0.45565217391304347 0.9490022172949002 0.46608695652173915 0.9497413155949741 0.46956521739130436 0.9519586104951958 0.46956521739130436 0.9608277900960828 0.47304347826086957 0.9630450849963045 0.48869565217391303 0.9623059866962306 0.5026086956521739 0.9571322985957132 0.5147826086956522 0.9556541019955654 0.5182608695652174 0.9416112342941612 0.5269565217391304 0.934220251293422 0.5391304347826087 0.9283074648928308 0.5391304347826087 0.9260901699926091 0.5321739130434783 0.9223946784922394 0.5095652173913043 0.9186991869918699 0.4991304347826087 0.9127864005912787 0.4852173913043478 0.9127864005912787 0.48 0.9157427937915743 0.48695652173913045 0.9231337767923133
0 0.2539130434782609 0.36511456023651145 0.26260869565217393 0.37250554323725055 0.25043478260869567 0.37989652623798964 0.2591304347826087 0.3961566888396157 0.29043478260869565 0.3976348854397635 0.3217391304347826 0.39320029563932 0.35304347826086957 0.3983739837398374 0.3791304347826087 0.3917220990391722 0.38782608695652177 0.3858093126385809 0.38608695652173913 0.37250554323725055 0.35304347826086957 0.37250554323725055 0.33217391304347826 0.37915742793791574 0.3060869565217391 0.37915742793791574 0.28347826086956524 0.37398373983739835 0.3008695652173913 0.3614190687361419 0.29739130434782607 0.35698447893569846 0.28347826086956524 0.35550628233555065 0.2782608695652174 0.35550628233555065 0.26608695652173914 0.35698447893569846 0.2539130434782609 0.36511456023651145
0 0.3773913043478261 0.32742054693274203 0.37217391304347824 0.3288987435328899 0.37217391304347824 0.3318551367331855 0.3739130434782609 0.3325942350332594 0.3739130434782609 0.336289726533629 0.37217391304347824 0.3377679231337768 0.37565217391304345 0.3399852180339985 0.37565217391304345 0.34146341463414637 0.3826086956521739 0.344419807834442 0.38782608695652177 0.34811529933481156 0.39304347826086955 0.34885439763488546 0.40347826086956523 0.34811529933481156 0.40695652173913044 0.34959349593495936 0.40869565217391307 0.34885439763488546 0.42434782608695654 0.34959349593495936 0.42434782608695654 0.34885439763488546 0.4434782608695652 0.34146341463414637 0.44173913043478263 0.3407243163340724 0.44173913043478263 0.3385070214338507 0.4365217391304348 0.3340724316334072 0.41739130434782606 0.3333333333333333 0.41391304347826086 0.3325942350332594 0.40695652173913044 0.3259423503325942 0.3982608695652174 0.3237250554323725 0.38782608695652177 0.3237250554323725 0.3808695652173913 0.3252032520325203 0.3773913043478261 0.32742054693274203
0 0.24347826086956523 0.3458980044345898 0.23478260869565218 0.34811529933481156 0.23130434782608697 0.34811529933481156 0.22086956521739132 0.352549889135255 0.20695652173913043 0.3518107908351811 0.19478260869565217 0.3540280857354028 0.18782608695652173 0.35698447893569846 0.19130434782608696 0.3614190687361419 0.19826086956521738 0.36437546193643755 0.20869565217391303 0.36511456023651145 0.21913043478260869 0.3614190687361419 0.23478260869565218 0.35994087213599407 0.2417391304347826 0.35846267553584626 0.24869565217391304 0.35846267553584626 0.25043478260869567 0.35920177383592017 0.2643478260869565 0.35846267553584626 0.2678260869565217 0.35698447893569846 0.27304347826086955 0.3518107908351811 0.27304347826086955 0.3466371027346637 0.2747826086956522 0.3451589061345159 0.271304347826087 0.3436807095343681 0.2643478260869565 0.3436807095343681 0.2573913043478261 0.3451589061345159 0.24347826086956523 0.3458980044345898
0 0.6034782608695652 0.3259423503325942 0.6104347826086957 0.3318551367331855 0.6086956521739131 0.3436807095343681 0.6069565217391304 0.344419807834442 0.6121739130434782 0.3532889874353289 0.6104347826086957 0.35698447893569846 0.6156521739130435 0.35846267553584626 0.6173913043478261 0.3614190687361419 0.6347826086956522 0.360679970436068 0.6417391304347826 0.36215816703621584 0.6434782608695652 0.3614190687361419 0.6521739130434783 0.36215816703621584 0.6573913043478261 0.36511456023651145 0.6608695652173913 0.36363636363636365 0.6660869565217391 0.36437546193643755 0.671304347826087 0.3614190687361419 0.6695652173913044 0.35994087213599407 0.6608695652173913 0.35846267553584626 0.6573913043478261 0.35624538063562455 0.662608695652174 0.35033259423503327 0.671304347826087 0.3458980044345898 0.671304347826087 0.344419807834442 0.6660869565217391 0.34146341463414637 0.648695652173913 0.3399852180339985 0.64 0.3370288248337029 0.64 0.3333333333333333 0.6330434782608696 0.3252032520325203 0.6237681165217391 0.3252032520325203 0.6052173913043478 0.3252032520325203 0.6034782608695652 0.3259423503325942
0 0.551304347826087 0.3318551367331855 0.5530434782608695 0.3348115299334812 0.5582608695652174 0.3370288248337029 0.5582608695652174 0.34146341463414637 0.551304347826087 0.344419807834442 0.5495652173913044 0.344419807834442 0.5495652173913044 0.3451589061345159 0.551304347826087 0.3451589061345159 0.5547826086956522 0.3466371027346637 0.5669565217391305 0.3466371027346637 0.568695652173913 0.3458980044345898 0.5756521739130435 0.3458980044345898 0.5756521739130435 0.3451589061345159 0.5791304347826087 0.3436807095343681 0.5826086956521739 0.3436807095343681 0.5860869565217391 0.34220251293422027 0.5860869565217391 0.3377679231337768 0.5808695652173913 0.3333333333333333 0.5756521739130435 0.3318551367331855 0.5721739130434783 0.3318551367331855 0.568695652173913 0.3303769401330377 0.5669565217391305 0.328159645232816 0.5652173913043478 0.328159645232816 0.5634782608695652 0.3266814486326681 0.551304347826087 0.3222468588322247 0.5495652173913044 0.3222468588322247 0.5495652173913044 0.3311160384331116 0.551304347826087 0.3318551367331855
0 0.39304347826086955 0.5890613451589062 0.4 0.5927568366592757 0.40347826086956523 0.5934959349593496 0.41391304347826086 0.5934959349593496 0.4156521739130435 0.5942350332594235 0.43130434782608695 0.5942350332594235 0.43478260869565216 0.5957132298595713 0.44173913043478263 0.5957132298595713 0.4469565217391304 0.597930524759793 0.4504347826086956 0.597930524759793 0.45565217391304347 0.5994087213599408 0.4591304347826087 0.5986696230598669 0.4591304347826087 0.5942350332594235 0.4539130434782609 0.590539541759054 0.4539130434782609 0.5890613451589062 0.45217391304347826 0.5875831485587583 0.44173913043478263 0.5831485587583148 0.43826086956521737 0.5824094604582409 0.4365217391304348 0.5831485587583148 0.4295652173913043 0.5831485587583148 0.4295652173913043 0.5838876570583887 0.42434782608695654 0.5861049519586105 0.4226086956521739 0.5861049519586105 0.4226086956521739 0.5868440502586844 0.41391304347826086 0.590539541759054 0.41043478260869565 0.590539541759054 0.40695652173913044 0.5890613451589062 0.4052173913043478 0.5875831485587583 0.4052173913043478 0.5853658536585366 0.4 0.5824094604582409 0.3982608695652174 0.5824094604582409 0.39304347826086955 0.5853658536585366 0.39304347826086955 0.5890613451589062
0 0.19826086956521738 0.29711751662971175 0.18956521739130436 0.29859571322985956 0.18434782608695652 0.3008130081300813 0.1826086956521739 0.3082039911308204 0.18782608695652173 0.3148558758314856 0.17739130434782607 0.3178122690317812 0.17043478260869566 0.3215077605321508 0.17043478260869566 0.3259423503325942 0.17391304347826086 0.328159645232816 0.19652173913043477 0.3303769401330377 0.22086956521739132 0.3296378418329638 0.22608695652173913 0.328159645232816 0.22956521739130434 0.328159645232816 0.23130434782608697 0.3296378418329638 0.2417391304347826 0.3288987435328899 0.2417391304347826 0.3266814486326681 0.24869565217391304 0.3215077605321508 0.24 0.3148558758314856 0.2382608695652174 0.31042128603104213 0.24347826086956523 0.30598669623059865 0.2539130434782609 0.30229120473022913 0.2573913043478261 0.29933481152993346 0.2573913043478261 0.29563932002956395 0.24521739130434783 0.2934220251293422 0.23478260869565218 0.28824833702882485 0.22956521739130434 0.28824833702882485 0.21565217391304348 0.29711751662971175 0.19826086956521738 0.29711751662971175
0 0.4052173913043478 0.2712490761271249 0.40347826086956523 0.2719881744271988 0.39652173913043476 0.2719881744271988 0.3947826086956522 0.2727272727272727 0.38608695652173913 0.2719881744271988 0.37043478260869567 0.2749445676274945 0.37217391304347824 0.28085735402808576 0.3773913043478261 0.28307464892830747 0.3791304347826087 0.2860310421286031 0.39304347826086955 0.29194382852919437 0.4017391304347826 0.2926829268292683 0.40695652173913044 0.29490022172949004 0.4156521739130435 0.29490022172949004 0.4156521739130435 0.2934220251293422 0.4191304347826087 0.29194382852919437 0.4226086956521739 0.2860310421286031 0.42782608695652175 0.2838137472283814 0.43478260869565216 0.2764227642276423 0.43478260869565216 0.2727272727272727 0.4330434782608696 0.2712490761271249 0.4260869565217391 0.2712490761271249 0.42434782608695654 0.270509977827051 0.41739130434782606 0.2712490761271249 0.4156521739130435 0.270509977827051 0.41391304347826086 0.2712490761271249 0.4052173913043478 0.2712490761271249
0 0.43130434782608695 0.286770140428677 0.42782608695652175 0.29046563192904656 0.4295652173913043 0.29785661492978566 0.42086956521739133 0.30303030303030304 0.4260869565217391 0.3082039911308204 0.43478260869565216 0.3082039911308204 0.44173913043478263 0.30376940133037694 0.4573913043478261 0.30229120473022913 0.4782608695652174 0.31042128603104213 0.4573913043478261 0.31337767923133775 0.45217391304347826 0.3155949741315595 0.45217391304347826 0.3215077605321508 0.45565217391304347 0.3229859571322986 0.46260869565217394 0.3244641537324464 0.48 0.3237250554323725 0.4834782608695652 0.3222468588322247 0.4852173913043478 0.3155949741315595 0.49217391304347824 0.31411677753141165 0.5269565217391304 0.3155949741315595 0.5391304347826087 0.31411677753141165 0.5443478260869565 0.31116038433111604 0.551304347826087 0.31116038433111604 0.5634782608695652 0.3148558758314856 0.5739130434782609 0.31411677753141165 0.5704347826086956 0.3082039911308204 0.5582608695652174 0.3074648928307465 0.5495652173913044 0.30450849963045085 0.5495652173913044 0.29416112342941614 0.5408695652173913 0.28972653362897266 0.5304347826086957 0.28898743532889876 0.5165217391304348 0.2934220251293422 0.5008695652173913 0.29046563192904656 0.47130434782608693 0.29194382852919437 0.4608695652173913 0.2845528455284553 0.4504347826086956 0.2845528455284553 0.44 0.2845528455284553 0.43130434782608695 0.286770140428677