0 0.5857727786144579 0.984375 0.5977974397590361 0.9794921875 0.5977974397590361 0.9716796875 0.5874905873493976 0.9658203125 0.5943618222891566 0.9541015625 0.5892083960843374 0.94921875 0.5754659262048193 0.94921875 0.5582878388554217 0.9375 0.5514166039156626 0.9375 0.5376741340361446 0.92578125 0.527367281626506 0.92578125 0.5187782379518072 0.9306640625 0.5222138554216867 0.9423828125 0.5033179593373494 0.9453125 0.4981645331325301 0.9521484375 0.5153426204819277 0.9638671875 0.5153426204819277 0.9697265625 0.5325207078313253 0.9794921875 0.5393919427710844 0.9990234375 0.5600056475903614 0.9990234375 0.5651590737951807 0.984375 0.5857727786144579 0.984375
0 0.563441265060241 0.8603515625 0.5514166039156626 0.853515625 0.527367281626506 0.85546875 0.5290850903614458 0.8447265625 0.5239316641566265 0.841796875 0.5170604292168675 0.841796875 0.5067535768072289 0.849609375 0.4895754894578313 0.84375 0.48098644578313254 0.8486328125 0.48098644578313254 0.8662109375 0.4981645331325301 0.8701171875 0.5479809864457831 0.8671875 0.563441265060241 0.8603515625
0 0.520496046686747 0.75390625 0.5582878388554217 0.7421875 0.5600056475903614 0.7353515625 0.5239316641566265 0.73046875 0.5170604292168675 0.736328125 0.5033179593373494 0.736328125 0.5050357680722891 0.7275390625 0.49644672439759036 0.72265625 0.4827042545180723 0.724609375 0.477550828313253 0.7275390625 0.477550828313253 0.7373046875 0.46724397590361444 0.7451171875 0.477550828313253 0.7509765625 0.4741152108433735 0.7626953125 0.4792686370481928 0.765625 0.49129329819277107 0.7646484375 0.5067535768072289 0.75390625 0.520496046686747 0.75390625
0 0.29202748493975905 0.7353515625 0.29202748493975905 0.7119140625 0.2800028237951807 0.70703125 0.27141378012048195 0.7099609375 0.2696959713855422 0.71875 0.24564664909638553 0.71484375 0.23705760542168675 0.7197265625 0.24392884036144577 0.7275390625 0.23705760542168675 0.7353515625 0.24392884036144577 0.7568359375 0.2611069277108434 0.7587890625 0.27828501506024095 0.7509765625 0.29202748493975905 0.7353515625
0 0.18552334337349397 0.7939453125 0.17521649096385541 0.7841796875 0.17865210843373494 0.7724609375 0.17349868222891565 0.767578125 0.1631918298192771 0.767578125 0.1546027861445783 0.7724609375 0.15288497740963855 0.78125 0.13570689006024098 0.779296875 0.10650414156626506 0.7958984375 0.11509318524096386 0.8046875 0.142578125 0.8125 0.16147402108433734 0.8115234375 0.17521649096385541 0.8056640625 0.18552334337349397 0.7939453125
0 0.3092055722891566 0.7939453125 0.31779461596385544 0.78515625 0.33325489457831325 0.7822265625 0.32466585090361444 0.775390625 0.31779461596385544 0.775390625 0.3109233810240964 0.783203125 0.2696959713855422 0.783203125 0.24392884036144577 0.7939453125 0.24564664909638553 0.798828125 0.28343844126506024 0.806640625 0.2937452936746988 0.802734375 0.30405214608433734 0.806640625 0.3160768072289157 0.8056640625 0.3195124246987952 0.7978515625 0.3092055722891566 0.7939453125
0 0.10306852409638555 0.8798828125 0.09104386295180723 0.87109375 0.05668768825301205 0.875 0.03263836596385542 0.8828125 0.024049322289156627 0.8896484375 0.029202748493975902 0.89453125 0.048098644578313254 0.8974609375 0.05325207078313253 0.908203125 0.0755835843373494 0.9072265625 0.10306852409638555 0.8876953125 0.10306852409638555 0.8798828125
0 0.09447948042168675 0.82421875 0.07043015813253012 0.826171875 0.05668768825301205 0.822265625 0.03950960090361446 0.8359375 0.012024661144578314 0.8359375 0.006871234939759036 0.8388671875 0.012024661144578314 0.84765625 0.041227409638554216 0.8505859375 0.044663027108433735 0.8564453125 0.030920557228915662 0.8623046875 0.030920557228915662 0.8681640625 0.054969879518072286 0.8740234375 0.08589043674698796 0.8642578125 0.09447948042168675 0.82421875
0 0.38478915662650603 0.8662109375 0.3555864081325301 0.845703125 0.34184393825301207 0.845703125 0.3401261295180723 0.8544921875 0.3229480421686747 0.8623046875 0.3229480421686747 0.8681640625 0.34527955572289154 0.87109375 0.34871517319277107 0.875 0.36417545180722893 0.8740234375 0.38307134789156627 0.87109375 0.38478915662650603 0.8662109375
0 0.38307134789156627 0.521484375 0.3985316265060241 0.5146484375 0.39509600903614456 0.4990234375 0.3813535391566265 0.4951171875 0.3813535391566265 0.4833984375 0.3762001129518072 0.48046875 0.35902202560240964 0.48046875 0.35386859939759036 0.4892578125 0.32810146837349397 0.498046875 0.3143589984939759 0.490234375 0.3023343373493976 0.4931640625 0.3023343373493976 0.5009765625 0.31264118975903615 0.5048828125 0.3092055722891566 0.5146484375 0.3212302334337349 0.51953125 0.35043298192771083 0.5224609375 0.36932887801204817 0.51953125 0.38307134789156627 0.521484375
0 0.3023343373493976 0.3955078125 0.3057699548192771 0.3779296875 0.3006165286144578 0.373046875 0.28343844126506024 0.373046875 0.26626035391566266 0.361328125 0.25251788403614456 0.369140625 0.24221103162650603 0.365234375 0.22503294427710843 0.365234375 0.21987951807228914 0.3681640625 0.23018637048192772 0.3798828125 0.21300828313253012 0.3857421875 0.2181617093373494 0.392578125 0.24908226656626506 0.390625 0.25251788403614456 0.400390625 0.2800028237951807 0.404296875 0.28687405873493976 0.408203125 0.3023343373493976 0.4072265625 0.31264118975903615 0.4013671875 0.3023343373493976 0.3955078125
0 0.1889589608433735 0.3505859375 0.18380553463855423 0.34765625 0.15632059487951808 0.34765625 0.1477315512048193 0.3525390625 0.16147402108433734 0.3623046875 0.15803840361445784 0.3701171875 0.1683452560240964 0.3720703125 0.1683452560240964 0.3603515625 0.1889589608433735 0.3505859375
0 0.44663027108433734 0.3154296875 0.44147684487951805 0.3125 0.4174275225903614 0.3125 0.4105562876506024 0.3046875 0.38822477409638556 0.3095703125 0.38822477409638556 0.3173828125 0.40883847891566266 0.3232421875 0.3985316265060241 0.3271484375 0.4036850527108434 0.3359375 0.4431946536144578 0.3369140625 0.4397590361445783 0.3291015625 0.44663027108433734 0.3154296875
0 0.4792686370481928 0.2578125 0.47239740210843373 0.2578125 0.46724397590361444 0.2548828125 0.46724397590361444 0.2509765625 0.47067959337349397 0.2490234375 0.47067959337349397 0.2470703125 0.46724397590361444 0.2451171875 0.46724397590361444 0.2431640625 0.4655261671686747 0.2421875 0.4620905496987952 0.2421875 0.4586549322289157 0.240234375 0.45521931475903615 0.2421875 0.4449124623493976 0.2421875 0.43460560993975905 0.24609375 0.4311699924698795 0.24609375 0.42601656626506024 0.2431640625 0.42601656626506024 0.2412109375 0.4242987575301205 0.240234375 0.4174275225903614 0.240234375 0.4122740963855422 0.2431640625 0.4122740963855422 0.2451171875 0.4225809487951807 0.2509765625 0.4225809487951807 0.2529296875 0.42601656626506024 0.2548828125 0.42601656626506024 0.2568359375 0.427734375 0.2578125 0.4380412274096386 0.2578125 0.44147684487951805 0.255859375 0.4517836972891566 0.255859375 0.4535015060240964 0.2568359375 0.4535015060240964 0.2587890625 0.4569371234939759 0.2607421875 0.4569371234939759 0.2626953125 0.4620905496987952 0.265625 0.4792686370481928 0.265625 0.48098644578313254 0.2646484375 0.48098644578313254 0.2587890625 0.4792686370481928 0.2578125
0 0.3573042168674699 0.2138671875 0.3607398343373494 0.2119140625 0.3607398343373494 0.2080078125 0.3658932605421687 0.205078125 0.3899425828313253 0.20703125 0.3916603915662651 0.2060546875 0.3916603915662651 0.1962890625 0.39509600903614456 0.1943359375 0.39509600903614456 0.1923828125 0.3899425828313253 0.189453125 0.36932887801204817 0.189453125 0.36245764307228917 0.1953125 0.3521507906626506 0.19140625 0.3315370858433735 0.1953125 0.32466585090361444 0.1875 0.30748776355421686 0.1875 0.3057699548192771 0.1923828125 0.29202748493975905 0.1982421875 0.29202748493975905 0.2021484375 0.30405214608433734 0.20703125 0.32810146837349397 0.20703125 0.32981927710843373 0.2080078125 0.32981927710843373 0.2158203125 0.334972703313253 0.21875 0.34871517319277107 0.21875 0.35043298192771083 0.2177734375 0.3573042168674699 0.2158203125 0.3573042168674699 0.2138671875
0 0.3160768072289157 0.3056640625 0.3160768072289157 0.3037109375 0.3401261295180723 0.2919921875 0.3401261295180723 0.2900390625 0.334972703313253 0.287109375 0.3006165286144578 0.287109375 0.28687405873493976 0.283203125 0.28515625 0.2744140625 0.2800028237951807 0.26953125 0.26282473644578314 0.26953125 0.2593891189759036 0.267578125 0.24564664909638553 0.267578125 0.24221103162650603 0.265625 0.23190417921686746 0.265625 0.2267507530120482 0.2685546875 0.2267507530120482 0.2705078125 0.23705760542168675 0.2763671875 0.23705760542168675 0.2802734375 0.24392884036144577 0.2880859375 0.24049322289156627 0.2900390625 0.24049322289156627 0.2958984375 0.23533979668674698 0.298828125 0.22846856174698796 0.298828125 0.22331513554216867 0.3017578125 0.22503294427710843 0.30859375 0.23533979668674698 0.30859375 0.24221103162650603 0.306640625 0.24564664909638553 0.302734375 0.25251788403614456 0.302734375 0.2559535015060241 0.3046875 0.28343844126506024 0.302734375 0.2937452936746988 0.30859375 0.3006165286144578 0.310546875 0.3057699548192771 0.3095703125 0.3109233810240964 0.30859375 0.3160768072289157 0.3056640625
0 0.23018637048192772 0.2275390625 0.2267507530120482 0.2255859375 0.2267507530120482 0.2236328125 0.23362198795180722 0.2216796875 0.23362198795180722 0.2138671875 0.22503294427710843 0.2109375 0.2181617093373494 0.2109375 0.21472609186746988 0.212890625 0.20785485692771086 0.212890625 0.19754800451807228 0.208984375 0.17349868222891565 0.208984375 0.1683452560240964 0.2119140625 0.1683452560240964 0.2177734375 0.1597562123493976 0.22265625 0.1546027861445783 0.2236328125 0.1546027861445783 0.2294921875 0.15803840361445784 0.2314453125 0.15803840361445784 0.2333984375 0.1597562123493976 0.234375 0.16662744728915663 0.234375 0.17006306475903615 0.236328125 0.17693429969879518 0.236328125 0.1803699171686747 0.23828125 0.18724115210843373 0.23828125 0.19067676957831325 0.240234375 0.19754800451807228 0.240234375 0.2009836219879518 0.2421875 0.21472609186746988 0.2421875 0.21644390060240964 0.2412109375 0.23018637048192772 0.2333984375 0.23018637048192772 0.2275390625
0 0.16662744728915663 0.28515625 0.17178087349397592 0.2822265625 0.17178087349397592 0.2802734375 0.1631918298192771 0.275390625 0.1597562123493976 0.275390625 0.1546027861445783 0.2724609375 0.1546027861445783 0.2705078125 0.1511671686746988 0.2685546875 0.1511671686746988 0.2666015625 0.14944935993975902 0.265625 0.142578125 0.265625 0.13914250753012047 0.263671875 0.13570689006024098 0.263671875 0.13227127259036145 0.265625 0.12883565512048192 0.265625 0.12368222891566265 0.2685546875 0.12368222891566265 0.2705078125 0.10993975903614457 0.2783203125 0.10993975903614457 0.2841796875 0.11165756777108433 0.28515625 0.11509318524096386 0.28515625 0.11852880271084337 0.287109375 0.1254000376506024 0.287109375 0.12883565512048192 0.28515625 0.13227127259036145 0.287109375 0.13570689006024098 0.287109375 0.1374246987951807 0.2861328125 0.13914250753012047 0.28515625 0.16662744728915663 0.28515625
0 0.4397590361445783 0.4384765625 0.4363234186746988 0.4365234375 0.4363234186746988 0.4306640625 0.4397590361445783 0.4287109375 0.4397590361445783 0.4169921875 0.43460560993975905 0.412109375 0.42086314006024095 0.412109375 0.4105562876506024 0.41796875 0.4071206701807229 0.41796875 0.40024943524096385 0.421875 0.3865069653614458 0.421875 0.38307134789156627 0.419921875 0.3762001129518072 0.419921875 0.36761106927710846 0.4248046875 0.36761106927710846 0.4267578125 0.36417545180722893 0.4287109375 0.36417545180722893 0.4365234375 0.36932887801204817 0.439453125 0.3727644954819277 0.439453125 0.3762001129518072 0.44140625 0.40024943524096385 0.44140625 0.4036850527108434 0.443359375 0.4105562876506024 0.443359375 0.41399190512048195 0.4453125 0.4311699924698795 0.4453125 0.4328878012048193 0.4443359375 0.4397590361445783 0.4404296875 0.4397590361445783 0.4384765625
0 0.30405214608433734 0.45703125 0.3057699548192771 0.4541015625 0.3092055722891566 0.4521484375 0.3023343373493976 0.4482421875 0.3023343373493976 0.4462890625 0.29889871987951805 0.4443359375 0.29889871987951805 0.4404296875 0.2937452936746988 0.4375 0.28343844126506024 0.435546875 0.2800028237951807 0.4375 0.2765672063253012 0.4375 0.2748493975903614 0.4404296875 0.2696959713855422 0.443359375 0.26626035391566266 0.443359375 0.26282473644578314 0.44140625 0.2559535015060241 0.44140625 0.25251788403614456 0.443359375 0.2387754141566265 0.443359375 0.23362198795180722 0.4462890625 0.23362198795180722 0.4521484375 0.2387754141566265 0.455078125 0.24221103162650603 0.455078125 0.25251788403614456 0.4609375 0.2593891189759036 0.4609375 0.26282473644578314 0.462890625 0.2765672063253012 0.462890625 0.27828501506024095 0.4619140625 0.28687405873493976 0.45703125 0.30405214608433734 0.45703125
0 0.5084713855421686 0.4462890625 0.5084713855421686 0.4443359375 0.5067535768072289 0.443359375 0.4998823418674699 0.443359375 0.49129329819277107 0.4404296875 0.49129329819277107 0.4326171875 0.4947289156626506 0.4306640625 0.4947289156626506 0.4228515625 0.4895754894578313 0.419921875 0.4827042545180723 0.419921875 0.477550828313253 0.4169921875 0.47583301957831325 0.4140625 0.4689617846385542 0.4140625 0.4655261671686747 0.412109375 0.4620905496987952 0.412109375 0.45006588855421686 0.4189453125 0.45006588855421686 0.4365234375 0.4397590361445783 0.4423828125 0.4397590361445783 0.4501953125 0.44147684487951805 0.451171875 0.4483480798192771 0.451171875 0.4517836972891566 0.453125 0.47239740210843373 0.453125 0.47583301957831325 0.451171875 0.4792686370481928 0.453125 0.5033179593373494 0.453125 0.5050357680722891 0.4521484375 0.5119070030120482 0.4482421875 0.5084713855421686 0.4462890625
0 0.2696959713855422 0.521484375 0.2748493975903614 0.5185546875 0.2748493975903614 0.5146484375 0.27141378012048195 0.5126953125 0.27141378012048195 0.5087890625 0.2679781626506024 0.5068359375 0.2679781626506024 0.4951171875 0.2593891189759036 0.490234375 0.25251788403614456 0.490234375 0.24908226656626506 0.4921875 0.24564664909638553 0.4921875 0.24221103162650603 0.494140625 0.2387754141566265 0.494140625 0.23362198795180722 0.4970703125 0.23362198795180722 0.5029296875 0.21644390060240964 0.5126953125 0.21644390060240964 0.5146484375 0.21300828313253012 0.5166015625 0.21300828313253012 0.5185546875 0.21472609186746988 0.51953125 0.2181617093373494 0.51953125 0.2215973268072289 0.521484375 0.24564664909638553 0.521484375 0.24908226656626506 0.5234375 0.2559535015060241 0.5234375 0.25767131024096385 0.5224609375 0.2593891189759036 0.521484375 0.2696959713855422 0.521484375
0 0.5170604292168675 0.556640625 0.5256494728915663 0.5537109375 0.5256494728915663 0.5478515625 0.5187782379518072 0.5458984375 0.5187782379518072 0.5322265625 0.5222138554216867 0.5302734375 0.5222138554216867 0.5263671875 0.5170604292168675 0.5234375 0.5136248117469879 0.5234375 0.5101891942771084 0.521484375 0.4998823418674699 0.521484375 0.49644672439759036 0.5234375 0.4895754894578313 0.5234375 0.48613987198795183 0.521484375 0.47583301957831325 0.521484375 0.4689617846385542 0.525390625 0.4620905496987952 0.525390625 0.4586549322289157 0.5234375 0.45521931475903615 0.525390625 0.4483480798192771 0.525390625 0.4431946536144578 0.5283203125 0.4431946536144578 0.5458984375 0.4483480798192771 0.548828125 0.45521931475903615 0.548828125 0.4569371234939759 0.5517578125 0.4689617846385542 0.556640625 0.49301110692771083 0.556640625 0.49644672439759036 0.55859375 0.5033179593373494 0.55859375 0.5050357680722891 0.5576171875 0.5067535768072289 0.556640625 0.5170604292168675 0.556640625
0 0.34356174698795183 0.5908203125 0.34871517319277107 0.587890625 0.3521507906626506 0.587890625 0.3573042168674699 0.5908203125 0.3573042168674699 0.5927734375 0.3727644954819277 0.599609375 0.38307134789156627 0.599609375 0.39509600903614456 0.5927734375 0.39509600903614456 0.5888671875 0.3813535391566265 0.5810546875 0.3813535391566265 0.5751953125 0.38822477409638556 0.5673828125 0.3762001129518072 0.560546875 0.36932887801204817 0.55859375 0.35902202560240964 0.560546875 0.32466585090361444 0.576171875 0.30748776355421686 0.5703125 0.2937452936746988 0.5703125 0.28515625 0.5751953125 0.28515625 0.5810546875 0.2903096762048193 0.583984375 0.3006165286144578 0.583984375 0.3143589984939759 0.580078125 0.32466585090361444 0.580078125 0.32981927710843373 0.5830078125 0.32981927710843373 0.5869140625 0.3160768072289157 0.5947265625 0.3160768072289157 0.5966796875 0.32466585090361444 0.6015625 0.3401261295180723 0.6005859375 0.3469973644578313 0.5966796875 0.34356174698795183 0.5908203125
0 0.5548522213855421 0.669921875 0.5617234563253012 0.666015625 0.5651590737951807 0.66796875 0.5720303087349398 0.66796875 0.5754659262048193 0.666015625 0.5789015436746988 0.666015625 0.5840549698795181 0.6630859375 0.5840549698795181 0.6611328125 0.5806193524096386 0.6591796875 0.5806193524096386 0.6572265625 0.5789015436746988 0.65625 0.5754659262048193 0.65625 0.563441265060241 0.6494140625 0.563441265060241 0.6474609375 0.5548522213855421 0.642578125 0.5479809864457831 0.642578125 0.5445453689759037 0.64453125 0.5376741340361446 0.64453125 0.5359563253012049 0.6455078125 0.5359563253012049 0.6494140625 0.5325207078313253 0.6513671875 0.5325207078313253 0.6552734375 0.5308028990963856 0.65625 0.5239316641566265 0.65625 0.5187782379518072 0.6591796875 0.5187782379518072 0.6650390625 0.5222138554216867 0.6669921875 0.5222138554216867 0.6708984375 0.5239316641566265 0.671875 0.5445453689759037 0.671875 0.5462631777108434 0.6708984375 0.5479809864457831 0.669921875 0.5548522213855421 0.669921875
0 0.47067959337349397 0.7041015625 0.4827042545180723 0.697265625 0.49644672439759036 0.697265625 0.4998823418674699 0.6953125 0.5067535768072289 0.6953125 0.5153426204819277 0.6904296875 0.5153426204819277 0.6884765625 0.5187782379518072 0.6865234375 0.5187782379518072 0.6826171875 0.5136248117469879 0.677734375 0.4998823418674699 0.677734375 0.49129329819277107 0.6826171875 0.4947289156626506 0.6845703125 0.4895754894578313 0.689453125 0.48098644578313254 0.6845703125 0.48098644578313254 0.6826171875 0.47239740210843373 0.6796875 0.4380412274096386 0.6796875 0.43460560993975905 0.681640625 0.427734375 0.681640625 0.4225809487951807 0.6845703125 0.4225809487951807 0.6904296875 0.4328878012048193 0.6962890625 0.4328878012048193 0.6982421875 0.4397590361445783 0.7021484375 0.4397590361445783 0.7041015625 0.45521931475903615 0.708984375 0.4638083584337349 0.7080078125 0.4689617846385542 0.70703125 0.47067959337349397 0.7041015625
0 0.4638083584337349 0.6142578125 0.46724397590361444 0.6123046875 0.46724397590361444 0.6103515625 0.4569371234939759 0.6083984375 0.4638083584337349 0.6044921875 0.4517836972891566 0.59765625 0.4449124623493976 0.59765625 0.4380412274096386 0.6015625 0.4036850527108434 0.6015625 0.40024943524096385 0.599609375 0.3933782003012048 0.599609375 0.3916603915662651 0.6005859375 0.3916603915662651 0.6044921875 0.3968138177710843 0.60546875 0.40024943524096385 0.607421875 0.4036850527108434 0.607421875 0.4071206701807229 0.609375 0.43460560993975905 0.609375 0.4397590361445783 0.6123046875 0.4397590361445783 0.6142578125 0.4363234186746988 0.6162109375 0.4363234186746988 0.6220703125 0.44147684487951805 0.625 0.4586549322289157 0.625 0.46037274096385544 0.6240234375 0.4638083584337349 0.6220703125 0.4638083584337349 0.6142578125
0 0.5840549698795181 0.6181640625 0.5720303087349398 0.61328125 0.5685946912650602 0.615234375 0.5617234563253012 0.61328125 0.5600056475903614 0.6103515625 0.563441265060241 0.6083984375 0.5548522213855421 0.6015625 0.5445453689759037 0.599609375 0.5239316641566265 0.607421875 0.5119070030120482 0.6064453125 0.5119070030120482 0.6044921875 0.5222138554216867 0.6005859375 0.5222138554216867 0.5927734375 0.5084713855421686 0.5888671875 0.5084713855421686 0.5830078125 0.5033179593373494 0.580078125 0.49301110692771083 0.580078125 0.48442206325301207 0.5771484375 0.48442206325301207 0.5712890625 0.4792686370481928 0.56640625 0.4620905496987952 0.56640625 0.4535015060240964 0.5712890625 0.4535015060240964 0.5751953125 0.47067959337349397 0.5908203125 0.47067959337349397 0.6025390625 0.46724397590361444 0.6064453125 0.4792686370481928 0.615234375 0.48613987198795183 0.615234375 0.5033179593373494 0.623046875 0.5170604292168675 0.623046875 0.527367281626506 0.6171875 0.5376741340361446 0.6171875 0.5411097515060241 0.619140625 0.5479809864457831 0.619140625 0.5496987951807228 0.6220703125 0.5617234563253012 0.626953125 0.577183734939759 0.6259765625 0.5840549698795181 0.6220703125 0.5840549698795181 0.6181640625
0 0.4792686370481928 0.515625 0.4827042545180723 0.513671875 0.4998823418674699 0.513671875 0.5033179593373494 0.51171875 0.5170604292168675 0.51171875 0.5222138554216867 0.5087890625 0.5222138554216867 0.5048828125 0.5170604292168675 0.501953125 0.5067535768072289 0.501953125 0.4998823418674699 0.498046875 0.49644672439759036 0.498046875 0.4895754894578313 0.494140625 0.47239740210843373 0.494140625 0.4638083584337349 0.4990234375 0.4638083584337349 0.5068359375 0.4569371234939759 0.5107421875 0.4569371234939759 0.5166015625 0.4586549322289157 0.517578125 0.4689617846385542 0.517578125 0.47067959337349397 0.5166015625 0.47239740210843373 0.515625 0.4792686370481928 0.515625
0 0.48442206325301207 0.3740234375 0.47067959337349397 0.3662109375 0.47067959337349397 0.3564453125 0.46037274096385544 0.3505859375 0.46037274096385544 0.3486328125 0.4586549322289157 0.34765625 0.45521931475903615 0.34765625 0.4517836972891566 0.345703125 0.4483480798192771 0.34765625 0.44147684487951805 0.34765625 0.4397590361445783 0.3486328125 0.4397590361445783 0.3544921875 0.4431946536144578 0.3564453125 0.4397590361445783 0.3583984375 0.4397590361445783 0.3603515625 0.4328878012048193 0.3642578125 0.4431946536144578 0.3701171875 0.4431946536144578 0.3720703125 0.44663027108433734 0.3740234375 0.4431946536144578 0.3759765625 0.4449124623493976 0.376953125 0.45521931475903615 0.376953125 0.4620905496987952 0.380859375 0.4792686370481928 0.380859375 0.48098644578313254 0.3798828125 0.48442206325301207 0.3779296875 0.48442206325301207 0.3740234375
0 0.3899425828313253 0.369140625 0.3933782003012048 0.3671875 0.40024943524096385 0.3671875 0.4036850527108434 0.369140625 0.4174275225903614 0.369140625 0.4225809487951807 0.3662109375 0.4225809487951807 0.3623046875 0.4191453313253012 0.3603515625 0.4191453313253012 0.3583984375 0.4105562876506024 0.353515625 0.4036850527108434 0.353515625 0.4019672439759036 0.3525390625 0.4019672439759036 0.3486328125 0.3933782003012048 0.341796875 0.37963573042168675 0.341796875 0.3762001129518072 0.34375 0.3727644954819277 0.34375 0.36932887801204817 0.34765625 0.3658932605421687 0.34765625 0.36417545180722893 0.3447265625 0.35902202560240964 0.34375 0.3521507906626506 0.33984375 0.33840832078313254 0.33984375 0.33325489457831325 0.3427734375 0.33325489457831325 0.3505859375 0.3469973644578313 0.3603515625 0.3469973644578313 0.3642578125 0.3521507906626506 0.3671875 0.3555864081325301 0.3671875 0.35902202560240964 0.365234375 0.3658932605421687 0.365234375 0.36761106927710846 0.3681640625 0.3727644954819277 0.37109375 0.37448230421686746 0.3701171875 0.3762001129518072 0.369140625 0.3899425828313253 0.369140625
0 0.2645425451807229 0.5498046875 0.27141378012048195 0.5458984375 0.27141378012048195 0.5439453125 0.2748493975903614 0.5419921875 0.2748493975903614 0.5400390625 0.27828501506024095 0.5380859375 0.27828501506024095 0.5341796875 0.2765672063253012 0.533203125 0.26626035391566266 0.533203125 0.2645425451807229 0.5341796875 0.2645425451807229 0.5361328125 0.2611069277108434 0.5380859375 0.2611069277108434 0.5478515625 0.2593891189759036 0.548828125 0.24908226656626506 0.548828125 0.24392884036144577 0.5517578125 0.24392884036144577 0.5537109375 0.24049322289156627 0.5556640625 0.24392884036144577 0.5576171875 0.24392884036144577 0.5595703125 0.25251788403614456 0.564453125 0.2559535015060241 0.564453125 0.25767131024096385 0.5634765625 0.2645425451807229 0.5595703125 0.2645425451807229 0.5498046875
0 0.33840832078313254 0.73046875 0.34527955572289154 0.73046875 0.3555864081325301 0.734375 0.3658932605421687 0.734375 0.36932887801204817 0.732421875 0.3727644954819277 0.732421875 0.37448230421686746 0.7314453125 0.37448230421686746 0.7294921875 0.377917921686747 0.7275390625 0.377917921686747 0.7236328125 0.3658932605421687 0.716796875 0.3521507906626506 0.716796875 0.33840832078313254 0.724609375 0.33325489457831325 0.7216796875 0.33325489457831325 0.7197265625 0.32810146837349397 0.716796875 0.31779461596385544 0.716796875 0.3092055722891566 0.7216796875 0.3092055722891566 0.7255859375 0.31264118975903615 0.7275390625 0.31264118975903615 0.7294921875 0.32466585090361444 0.736328125 0.3315370858433735 0.736328125 0.33325489457831325 0.7353515625 0.33325489457831325 0.7333984375 0.33840832078313254 0.73046875
0 0.6922769201807228 0.74609375 0.6974303463855421 0.7431640625 0.6939947289156626 0.7373046875 0.6888413027108434 0.734375 0.6510495105421686 0.736328125 0.6373070406626506 0.7265625 0.6235645707831325 0.7265625 0.613257718373494 0.73046875 0.5977974397590361 0.7509765625 0.6166933358433735 0.7578125 0.6458960843373494 0.7568359375 0.6647919804216867 0.7421875 0.6922769201807228 0.74609375
0 0.6046686746987951 0.7646484375 0.5943618222891566 0.7431640625 0.5789015436746988 0.740234375 0.577183734939759 0.7353515625 0.5651590737951807 0.732421875 0.5600056475903614 0.7431640625 0.5496987951807228 0.7451171875 0.5496987951807228 0.7646484375 0.5823371611445783 0.767578125 0.5840549698795181 0.7724609375 0.5960796310240963 0.77734375 0.6115399096385542 0.7763671875 0.6149755271084337 0.7705078125 0.6046686746987951 0.7646484375
0 0.28515625 0.8212890625 0.2800028237951807 0.818359375 0.2765672063253012 0.818359375 0.2731315888554217 0.81640625 0.26282473644578314 0.81640625 0.2593891189759036 0.814453125 0.25251788403614456 0.814453125 0.24908226656626506 0.8125 0.2387754141566265 0.8125 0.23533979668674698 0.810546875 0.23018637048192772 0.8134765625 0.23018637048192772 0.8154296875 0.23705760542168675 0.8173828125 0.23705760542168675 0.8193359375 0.23362198795180722 0.8212890625 0.23362198795180722 0.8232421875 0.2387754141566265 0.826171875 0.2800028237951807 0.826171875 0.2817206325301205 0.8251953125 0.28515625 0.8232421875 0.28515625 0.8212890625
0 0.21987951807228914 0.4287109375 0.22846856174698796 0.423828125 0.23190417921686746 0.423828125 0.23533979668674698 0.421875 0.25251788403614456 0.421875 0.2542356927710843 0.4208984375 0.2542356927710843 0.4091796875 0.24564664909638553 0.404296875 0.24221103162650603 0.404296875 0.22503294427710843 0.39453125 0.21987951807228914 0.3955078125 0.21987951807228914 0.3974609375 0.22331513554216867 0.3994140625 0.22331513554216867 0.4033203125 0.20785485692771086 0.412109375 0.19754800451807228 0.412109375 0.19583019578313254 0.4130859375 0.19583019578313254 0.4189453125 0.2009836219879518 0.421875 0.20785485692771086 0.41796875 0.21300828313253012 0.4189453125 0.21300828313253012 0.4228515625 0.2095726656626506 0.4248046875 0.2095726656626506 0.4267578125 0.2061370481927711 0.4287109375 0.2061370481927711 0.4326171875 0.20270143072289157 0.4345703125 0.20441923945783133 0.4375 0.21129047439759036 0.4375 0.21300828313253012 0.4365234375 0.21644390060240964 0.4345703125 0.21987951807228914 0.4287109375
0 0.7317865210843374 0.8193359375 0.7249152861445783 0.8134765625 0.7472467996987951 0.80859375 0.7489646084337349 0.8037109375 0.7335043298192772 0.794921875 0.7180440512048193 0.8115234375 0.7008659638554217 0.8173828125 0.7008659638554217 0.8232421875 0.712890625 0.830078125 0.7335043298192772 0.8359375 0.7420933734939759 0.8349609375 0.7283509036144579 0.8251953125 0.7317865210843374 0.8193359375