0 0.678671468822171 0.2539062497461929 0.6820037344110854 0.24707031269035534 0.6720069376443417 0.2421875005076142 0.6564563637413395 0.25195312487309646 0.6509025877598152 0.24707031269035534 0.6497918325635105 0.22851562538071069 0.6453488106235566 0.234375 0.6275767263279446 0.24023437461928931 0.6198014399538107 0.24707031269035534 0.6198014399538107 0.2548828121827411 0.6275767263279446 0.26171875025380714 0.6386842794457275 0.26367187512690354 0.6475703210161663 0.27929687512690354 0.6531240981524249 0.27832031269035534 0.6575671189376443 0.26269531269035534 0.678671468822171 0.2539062497461929
0 0.8119621016166282 0.27929687512690354 0.784193219399538 0.27832031269035534 0.784193219399538 0.2919921878172589 0.7897469953810623 0.29882812487309646 0.8152943672055428 0.29980468730964466 0.8197373879907621 0.28808593705583757 0.8119621016166282 0.27929687512690354
0 0.4787355207852194 0.3339843746192893 0.4898430739030023 0.34179687512690354 0.5065044018475751 0.3291015624365482 0.5065044018475751 0.31933593705583757 0.4965076050808314 0.31640624974619286 0.48540005196304853 0.32421875025380714 0.4676279676674365 0.31445312487309646 0.456520415704388 0.31640624974619286 0.44763437297921477 0.328125 0.4331945542725173 0.3330078121827411 0.43874833140877595 0.34375 0.4509666385681293 0.3427734375634518 0.45207739376443423 0.3339843746192893 0.4787355207852194 0.3339843746192893
0 0.6631208949191686 0.3183593746192893 0.6453488106235566 0.32031249949238577 0.6220229503464203 0.3291015624365482 0.659788629330254 0.33496093705583757 0.670896182448037 0.32519531269035534 0.6631208949191686 0.3183593746192893
0 0.4043149180138568 0.44433593705583757 0.39653963048498847 0.4433593746192893 0.3865428337182448 0.4326171878172589 0.38543207852193995 0.4160156253807107 0.36543848383371824 0.42382812487309646 0.356552441108545 0.4121093746192893 0.3454448879907622 0.41015624974619286 0.3376696016166282 0.4169921878172589 0.34433413279445724 0.42480468730964466 0.34655564434180136 0.4365234375634518 0.3410018672055427 0.4433593746192893 0.31878676212471135 0.43554687512690354 0.2987931674364896 0.4433593746192893 0.29101787990762124 0.4521484375634518 0.29546090184757506 0.46582031269035534 0.2865748591224018 0.4736328121827411 0.2921286351039261 0.48632812487309646 0.3054576986143187 0.48632812487309646 0.31656525173210165 0.48046875025380714 0.3476663995381062 0.48828124974619286 0.36543848383371824 0.48242187512690354 0.37876754618937647 0.48828124974619286 0.3865428337182448 0.48730468730964466 0.3954288752886836 0.47558593705583757 0.4043149180138568 0.44433593705583757
0 0.4887323187066975 0.5888671878172589 0.47762476558891453 0.5810546873096447 0.47984627598152424 0.5712890629441625 0.45429890531177824 0.5429687502538071 0.4398590866050809 0.5478515624365482 0.4376375762124711 0.5771484375634518 0.4554096605080832 0.5966796873096447 0.4576311709006929 0.6044921878172589 0.46540645727482677 0.6113281248730964 0.47096023325635106 0.6103515624365482 0.4842892967667436 0.5986328121827411 0.4887323187066975 0.5888671878172589
0 0.39431812009237877 0.6542968751269036 0.399871896073903 0.6357421878172589 0.4165332251732102 0.6289062497461929 0.4243085127020785 0.6162109370558375 0.4165332251732102 0.609375 0.40320416281755195 0.609375 0.39653963048498847 0.6132812497461929 0.38765358891454965 0.6074218751269036 0.3765460357967667 0.6074218751269036 0.35210942032332565 0.6230468751269036 0.3432233775981524 0.6152343746192893 0.33433733602771365 0.6152343746192893 0.32656204849884524 0.6220703126903553 0.32656204849884524 0.6279296873096447 0.3298943152424942 0.6308593746192893 0.35210942032332565 0.6289062497461929 0.3576631963048499 0.6337890629441625 0.3509986651270208 0.6416015624365482 0.3532201755196305 0.6513671878172589 0.3632169722863742 0.6582031248730964 0.3687707494226328 0.6572265624365482 0.3765460357967667 0.6523437502538071 0.39431812009237877 0.6542968751269036
0 0.7231016801385681 0.7539062497461929 0.6975543083140878 0.7451171878172589 0.6997758187066975 0.7314453126903553 0.6942220427251732 0.7246093746192893 0.6720069376443417 0.71875 0.6664531616628177 0.7294921878172589 0.6797822240184758 0.7666015624365482 0.6908897771362588 0.7744140629441625 0.6931112875288684 0.7841796873096447 0.7031080854503464 0.7929687502538071 0.7153263926096998 0.7939453126903553 0.7353199872979215 0.7666015624365482 0.7231016801385681 0.7539062497461929
0 0.48762156235565823 0.8027343746192893 0.49539684988452654 0.7958984375634518 0.4931753394919169 0.7822265624365482 0.48762156235565823 0.7773437502538071 0.4742925 0.7753906253807107 0.4609634364896074 0.7851562497461929 0.4409698418013857 0.7832031248730964 0.4198654919168591 0.8076171878172589 0.43208379907621247 0.8164062497461929 0.44208059699769053 0.8154296873096447 0.4676279676674365 0.8027343746192893 0.48762156235565823 0.8027343746192893
0 0.2965716570438799 0.875 0.2999039226327944 0.8720703126903553 0.2999039226327944 0.8544921878172589 0.3076792090069284 0.8457031248730964 0.32656204849884524 0.8369140629441625 0.321008272517321 0.8183593746192893 0.303236188221709 0.8183593746192893 0.2921286351039261 0.828125 0.2810210831408776 0.8300781248730964 0.27991032794457277 0.8193359370558375 0.2721350404157044 0.8105468751269036 0.25769522170900694 0.8115234375634518 0.24214464896073903 0.8310546873096447 0.24214464896073903 0.8369140629441625 0.25214144572748265 0.8457031248730964 0.27102428521939953 0.8447265624365482 0.27102428521939953 0.8525390629441625 0.24658766974595844 0.8720703126903553 0.249919935334873 0.8769531248730964 0.26435975404157047 0.8798828121827411 0.27435655080831406 0.8730468751269036 0.2965716570438799 0.875
0 0.356552441108545 0.7324218751269036 0.3509986651270208 0.7431640629441625 0.3587739515011547 0.75 0.3665492390300231 0.7490234375634518 0.364327727482679 0.7353515624365482 0.356552441108545 0.7324218751269036
0 0.5127020785219399 0.7451776649746192 0.4976905311778291 0.7451776649746192 0.4930715935334873 0.750253807106599 0.4896073903002309 0.7786802030456853 0.5138568129330254 0.7979695431472081 0.5323325635103926 0.8030456852791878 0.5785219399538106 0.8 0.5854503464203233 0.7949238578680203 0.5854503464203233 0.7817258883248731 0.5704387990762124 0.766497461928934 0.5681293302540416 0.750253807106599 0.5600461893764435 0.7431472081218274 0.5473441108545035 0.7401015228426396 0.5438799076212472 0.7401015228426396 0.5254041570438799 0.7532994923857868 0.5127020785219399 0.7451776649746192
0 0.6558891454965358 0.38781725888324875 0.6385681293302541 0.39695431472081216 0.6304849884526559 0.39593908629441626 0.6131639722863741 0.4030456852791878 0.6189376443418014 0.40913705583756343 0.6420323325635104 0.4101522842639594 0.6454965357967667 0.4131979695431472 0.6466512702078522 0.41725888324873095 0.640877598152425 0.4243654822335025 0.640877598152425 0.433502538071066 0.6524249422632794 0.4385786802030457 0.6674364896073903 0.43756345177664974 0.6697459584295612 0.4436548223350254 0.6651270207852193 0.45380710659898477 0.6732101616628176 0.45685279187817257 0.6916859122401847 0.44568527918781725 0.7043879907621247 0.44568527918781725 0.7182448036951501 0.44060913705583754 0.7170900692840647 0.42233502538071066 0.7113163972286374 0.41928934010152286 0.710161662817552 0.4152284263959391 0.7159353348729792 0.41421319796954315 0.7378752886836027 0.4 0.7286374133949192 0.3898477157360406 0.7251732101616628 0.3898477157360406 0.7147806004618937 0.39898477157360407 0.707852193995381 0.4 0.6882217090069284 0.383756345177665 0.6824480369515011 0.383756345177665 0.6697459584295612 0.39086294416243655 0.6558891454965358 0.38781725888324875
0 0.7090069284064665 0.4233502538071066 0.7124711316397229 0.4304568527918782 0.7113163972286374 0.43451776649746193 0.6997690531177829 0.4436548223350254 0.6893764434180139 0.4446700507614213 0.6789838337182448 0.4527918781725888 0.6755196304849884 0.45989847715736043 0.6755196304849884 0.4700507614213198 0.684757505773672 0.4761421319796954 0.6893764434180139 0.4862944162436548 0.6951501154734411 0.4903553299492386 0.7055427251732102 0.4903553299492386 0.7136258660508084 0.483248730964467 0.7182448036951501 0.48223350253807107 0.7251732101616628 0.46903553299492384 0.7424942263279446 0.46903553299492384 0.7494226327944573 0.46802030456852795 0.7528868360277137 0.4649746192893401 0.7528868360277137 0.45685279187817257 0.7482678983833718 0.45076142131979696 0.7575057736720554 0.44263959390862945 0.7598152424942263 0.4365482233502538 0.7551963048498845 0.4294416243654822 0.7424942263279446 0.42741116751269037 0.7390300230946882 0.4243654822335025 0.7355658198614319 0.4243654822335025 0.733256351039261 0.41928934010152286 0.7263279445727483 0.4182741116751269 0.7193995381062356 0.4182741116751269 0.7136258660508084 0.41928934010152286 0.7090069284064665 0.4233502538071066
0 0.5600461893764435 0.3431472081218274 0.546189376443418 0.34213197969543147 0.5415704387990762 0.3461928934010152 0.5427251732101617 0.3532994923857868 0.5623556581986143 0.3695431472081218 0.5715935334872979 0.38883248730964465 0.5993071593533488 0.3634517766497462 0.6131639722863741 0.36446700507614216 0.6224018475750578 0.349238578680203 0.6096997690531177 0.34822335025380713 0.6062355658198614 0.34517766497461927 0.6085450346420324 0.3411167512690355 0.5993071593533488 0.3350253807106599 0.5796766743648961 0.332994923857868 0.5739030023094688 0.332994923857868 0.5635103926096998 0.33705583756345175 0.5600461893764435 0.3431472081218274