0 0.24436773255813954 0.328724736802974 0.24000402325581396 0.32481848624535314 0.22909474916943523 0.32188879925650554 0.21600362126245845 0.3238419241635688 0.19854878239202656 0.3160294237918216 0.18109394518272426 0.3160294237918216 0.15272983222591363 0.32286536133828997 0.15709354318936877 0.3306778617100372 0.14836612292358803 0.33849036133828997 0.16333090199335548 0.34328846691449816 0.18943016943521596 0.3338678171003717 0.22984193853820598 0.3357519472118959 0.24436773255813954 0.328724736802974
0 0.5629185265780731 0.2763671873605948 0.55637296179402 0.2734375003717472 0.5258269966777408 0.2714843747211896 0.5040084485049834 0.2734375003717472 0.4930991744186047 0.278320312267658 0.5018265930232558 0.29003906245353156 0.5170995764119601 0.296875 0.5280088504983389 0.2958984371747212 0.5585548172757475 0.284179687732342 0.5629185265780731 0.2763671873605948
0 0.5847370747508306 0.325195312267658 0.580373365448505 0.32128906245353156 0.55637296179402 0.31445312490706323 0.5520092524916944 0.30859375018587365 0.5432818338870432 0.3066406252788104 0.5258269966777408 0.30859375018587365 0.5192814318936877 0.315429687732342 0.5410999800664452 0.3232421873605948 0.5280088504983389 0.3291015628252788 0.5280088504983389 0.3330078126394052 0.534554415282392 0.3359375003717472 0.5629185265780731 0.33496093754646844 0.580373365448505 0.331054687732342 0.5847370747508306 0.325195312267658
0 0.5978282026578073 0.3583984371747212 0.5891007840531561 0.3544921873605948 0.5891007840531561 0.3447265628252788 0.582555219269103 0.34179687509293677 0.5607366727574751 0.34179687509293677 0.5520092524916944 0.3359375003717472 0.5389181245847177 0.3359375003717472 0.53673626910299 0.3447265628252788 0.5236451411960132 0.35253906245353156 0.53673626910299 0.3583984371747212 0.5323725598006644 0.3642578126394052 0.5498273986710964 0.36816406245353156 0.5912826378737542 0.3652343747211896 0.5978282026578073 0.3583984371747212
0 0.3665515980066445 0.3544921873605948 0.3665515980066445 0.35058593754646844 0.35564232558139536 0.34570312490706323 0.33818748671096344 0.34570312490706323 0.3229145033222591 0.356445312267658 0.30545966611295683 0.362304687732342 0.31200522923588037 0.3691406252788104 0.33164192358803984 0.36816406245353156 0.34255119601328904 0.3671875003717472 0.3665515980066445 0.3544921873605948
0 0.29455039202657807 0.359375 0.27709555315614615 0.359375 0.2705499900332226 0.362304687732342 0.2749136993355482 0.3701171873605948 0.2530951511627907 0.3798828126394052 0.25964071594684385 0.3867187501858736 0.2836411179401993 0.38574218736059485 0.30545966611295683 0.3740234371747212 0.29455039202657807 0.359375
0 0.34036934219269105 0.465820312267658 0.3490967607973422 0.456054687732342 0.3469149053156146 0.4511718750929368 0.31200522923588037 0.4550781249070632 0.2858229734219269 0.46875 0.2705499900332226 0.471679687732342 0.27709555315614615 0.4785156252788104 0.29673224584717606 0.47949218736059485 0.31636894019933554 0.4707031249070632 0.34036934219269105 0.465820312267658
0 0.4014612757475083 0.5673828126394052 0.4232798222591362 0.5615234371747212 0.4232798222591362 0.5517578126394052 0.416734257475083 0.5488281249070631 0.3992794202657807 0.5488281249070631 0.386188292358804 0.5410156252788104 0.36000603488372096 0.5410156252788104 0.34255119601328904 0.5546875003717473 0.32509635880398674 0.5488281249070631 0.31200522923588037 0.5507812498141265 0.30545966611295683 0.5537109375464684 0.30982337541528243 0.5576171873605948 0.33600563289036545 0.565429687732342 0.3229145033222591 0.5771484371747212 0.3294600681063123 0.5800781249070631 0.35346047009966775 0.5791015628252788 0.386188292358804 0.578125 0.4014612757475083 0.5673828126394052
0 0.38837014617940196 0.653320312267658 0.3840064368770764 0.6357421873605948 0.37309716279069766 0.6308593747211896 0.35564232558139536 0.6328124996282527 0.3469149053156146 0.640625 0.3294600681063123 0.640625 0.30982337541528243 0.653320312267658 0.31636894019933554 0.6601562498141265 0.33818748671096344 0.6640624996282527 0.38837014617940196 0.6650390624535316 0.3970975647840531 0.659179687732342 0.38837014617940196 0.653320312267658
0 0.637101588039867 0.612304687732342 0.6240104601328903 0.6083984371747212 0.637101588039867 0.596679687732342 0.6261923139534884 0.5917968750929369 0.582555219269103 0.5917968750929369 0.5716459451827243 0.596679687732342 0.5760096544850498 0.6044921873605948 0.5629185265780731 0.6142578126394052 0.5781915099667774 0.6152343747211896 0.5869189285714286 0.6191406252788104 0.6240104601328903 0.6201171873605948 0.637101588039867 0.6162109375464684 0.637101588039867 0.612304687732342
0 0.7396487624584718 0.7011718750929369 0.7265576328903655 0.7011718750929369 0.7091027956810632 0.6933593747211896 0.6916479568106313 0.6953124996282527 0.6741931196013289 0.6894531249070631 0.6632838455149501 0.6923828126394052 0.7091027956810632 0.7167968750929369 0.7243757790697675 0.715820312267658 0.7461943255813953 0.706054687732342 0.7396487624584718 0.7011718750929369
0 0.5760096544850498 0.7041015628252788 0.5760096544850498 0.700195312267658 0.5651003820598006 0.6992187501858735 0.5585548172757475 0.6943359375464684 0.5716459451827243 0.690429687732342 0.5716459451827243 0.6865234371747212 0.5651003820598006 0.6835937501858735 0.5476455431893688 0.6875 0.5258269966777408 0.6855468750929369 0.5149177225913621 0.6728515628252788 0.5040084485049834 0.671875 0.48000804651162793 0.6865234371747212 0.4756443372093023 0.6982421873605948 0.49528102990033224 0.7128906252788104 0.5192814318936877 0.7119140624535316 0.5520092524916944 0.7109375003717473 0.5760096544850498 0.7041015628252788
0 0.5891007840531561 0.6787109375464684 0.5738278006644518 0.671875 0.55637296179402 0.671875 0.5432818338870432 0.6660156252788104 0.5258269966777408 0.6660156252788104 0.5170995764119601 0.6699218750929369 0.49964473920265784 0.6699218750929369 0.4930991744186047 0.6728515628252788 0.49528102990033224 0.6757812498141265 0.5127358671096346 0.6757812498141265 0.5170995764119601 0.6796875003717473 0.5520092524916944 0.6777343747211896 0.55637296179402 0.6835937501858735 0.5716459451827243 0.6826171873605948 0.5869189285714286 0.6816406252788104 0.5891007840531561 0.6787109375464684
0 0.4647350631229236 0.8007812498141264 0.49091732059800663 0.8007812498141264 0.5040084485049834 0.8066406252788103 0.5214632857142858 0.8066406252788103 0.5280088504983389 0.8037109375464684 0.5323725598006644 0.7958984371747212 0.5149177225913621 0.7880859375464684 0.5280088504983389 0.778320312267658 0.5214632857142858 0.7714843747211897 0.49964473920265784 0.7695312498141264 0.4865536096345515 0.7753906252788103 0.4734624817275747 0.7753906252788103 0.4647350631229236 0.765625 0.4385528056478405 0.7617187501858736 0.4123705481727575 0.765625 0.4080068388704319 0.7636718750929369 0.4014612757475083 0.7666015628252788 0.41891611295681064 0.7802734371747212 0.4232798222591362 0.7958984371747212 0.43200724086378733 0.7978515628252788 0.4232798222591362 0.8076171873605947 0.4385528056478405 0.8125 0.44946207973421926 0.8115234371747212 0.46255320764119595 0.8076171873605947 0.4647350631229236 0.8007812498141264
0 0.3073089700996678 0.817100371747212 0.29401993355481726 0.8141263940520446 0.2823920265780731 0.8178438661710037 0.3106312292358804 0.8275092936802974 0.3272425249169435 0.8260223048327138 0.33222591362126247 0.8193308550185874 0.3372093023255814 0.8252788104089219 0.3372093023255814 0.812639405204461 0.3488372093023256 0.8148698884758364 0.36046511627906974 0.80817843866171 0.36212624584717606 0.8141263940520446 0.3687707641196013 0.8133828996282528 0.37209302325581395 0.8163568773234201 0.3803986710963455 0.8111524163568773 0.3803986710963455 0.8074349442379182 0.36212624584717606 0.8014869888475836 0.36046511627906974 0.8007434944237918 0.32558139534883723 0.8059479553903346 0.3073089700996678 0.817100371747212
0 0.36000603488372096 0.8183593747211897 0.37746087209302326 0.8183593747211897 0.38837014617940196 0.809570312267658 0.3687334534883721 0.8007812498141264 0.35564232558139536 0.8007812498141264 0.3294600681063123 0.8027343747211897 0.31200522923588037 0.8125 0.30545966611295683 0.8056640624535316 0.2901866827242525 0.8007812498141264 0.2836411179401993 0.8037109375464684 0.2836411179401993 0.815429687732342 0.3076415199335548 0.828125 0.3185507940199335 0.8271484371747212 0.3338237774086379 0.8261718750929369 0.36000603488372096 0.8183593747211897
0 0.2552770066445183 0.8691406252788103 0.24000402325581396 0.872070312267658 0.24218587707641195 0.8789062498141264 0.25745886046511623 0.877929687732342 0.2618225714285714 0.872070312267658 0.2552770066445183 0.8691406252788103
0 0.5781915099667774 0.8476562498141264 0.5956463488372092 0.8476562498141264 0.6065556212624584 0.8427734371747212 0.6065556212624584 0.8388671873605947 0.5934644933554817 0.831054687732342 0.6152830415282392 0.8232421873605947 0.6152830415282392 0.8193359375464684 0.6196467508305649 0.815429687732342 0.6087374767441861 0.8125 0.5781915099667774 0.8125 0.5694640913621263 0.8144531249070631 0.55637296179402 0.8105468750929369 0.5389181245847177 0.8105468750929369 0.5258269966777408 0.8066406252788103 0.5170995764119601 0.8085937501858736 0.5040084485049834 0.8085937501858736 0.4887354651162791 0.815429687732342 0.4887354651162791 0.8173828126394053 0.5061903023255814 0.825195312267658 0.5018265930232558 0.8291015628252788 0.5018265930232558 0.8369140624535316 0.5061903023255814 0.840820312267658 0.5301907059800665 0.8417968750929369 0.5476455431893688 0.8515624996282528 0.55637296179402 0.8535156252788103 0.5585548172757475 0.8525390624535316 0.5694640913621263 0.8515624996282528 0.5781915099667774 0.8476562498141264
0 0.5651003820598006 0.5820312498141265 0.5760096544850498 0.5771484371747212 0.5760096544850498 0.575195312267658 0.5672822358803986 0.5712890624535316 0.5672822358803986 0.5615234371747212 0.5520092524916944 0.5566406252788104 0.5389181245847177 0.5566406252788104 0.534554415282392 0.5585937501858735 0.5301907059800665 0.5585937501858735 0.5170995764119601 0.5644531249070631 0.5018265930232558 0.5634765628252788 0.5061903023255814 0.5615234371747212 0.5061903023255814 0.5556640624535316 0.5018265930232558 0.5537109375464684 0.5018265930232558 0.5517578126394052 0.49964473920265784 0.5507812498141265 0.4778261910299003 0.5507812498141265 0.4712806279069767 0.5537109375464684 0.4712806279069767 0.559570312267658 0.46691691694352155 0.5615234371747212 0.46691691694352155 0.5673828126394052 0.4712806279069767 0.5771484371747212 0.4778261910299003 0.5800781249070631 0.4843717558139535 0.581054687732342 0.4887354651162791 0.5869140624535316 0.49528102990033224 0.5898437501858735 0.5214632857142858 0.5898437501858735 0.5236451411960132 0.5888671873605948 0.5389181245847177 0.5820312498141265 0.5651003820598006 0.5820312498141265
0 0.5607366727574751 0.5351562498141265 0.5672822358803986 0.5322265628252788 0.5672822358803986 0.5302734371747212 0.5760096544850498 0.5263671873605948 0.5760096544850498 0.5244140624535316 0.580373365448505 0.5224609375464684 0.580373365448505 0.5205078126394052 0.5760096544850498 0.518554687732342 0.5760096544850498 0.5166015628252788 0.5738278006644518 0.515625 0.5694640913621263 0.515625 0.55637296179402 0.5097656252788104 0.5520092524916944 0.5097656252788104 0.5476455431893688 0.5078124996282527 0.5301907059800665 0.5078124996282527 0.5214632857142858 0.5117187501858735 0.5170995764119601 0.5117187501858735 0.5127358671096346 0.5136718750929369 0.5083721578073089 0.5136718750929369 0.5061903023255814 0.5146484371747212 0.5061903023255814 0.5205078126394052 0.5083721578073089 0.5214843747211896 0.5127358671096346 0.5214843747211896 0.53673626910299 0.5322265628252788 0.53673626910299 0.5361328126394052 0.5432818338870432 0.5390624996282527 0.5476455431893688 0.5390624996282527 0.5498273986710964 0.5380859375464684 0.55637296179402 0.5351562498141265 0.5607366727574751 0.5351562498141265
0 0.55637296179402 0.4960937501858736 0.5607366727574751 0.4941406252788104 0.5651003820598006 0.4941406252788104 0.5694640913621263 0.49218750037174724 0.6000100581395349 0.49218750037174724 0.6043737674418604 0.4902343747211896 0.6087374767441861 0.4902343747211896 0.6152830415282392 0.487304687732342 0.6152830415282392 0.481445312267658 0.6043737674418604 0.4785156252788104 0.6000100581395349 0.4785156252788104 0.5869189285714286 0.4707031249070632 0.5607366727574751 0.4707031249070632 0.55637296179402 0.4726562498141264 0.5476455431893688 0.4726562498141264 0.5389181245847177 0.46875 0.5258269966777408 0.46875 0.5149177225913621 0.47363281263940515 0.5149177225913621 0.47558593754646844 0.5236451411960132 0.481445312267658 0.5236451411960132 0.49511718736059485 0.5192814318936877 0.497070312267658 0.5214632857142858 0.4980468750929368 0.5301907059800665 0.4980468750929368 0.534554415282392 0.5 0.5410999800664452 0.49902343717472114 0.5520092524916944 0.4960937501858736 0.55637296179402 0.4960937501858736
0 0.4232798222591362 0.47949218736059485 0.42764353156146173 0.47753906245353156 0.42764353156146173 0.46972656282527886 0.4210979684385382 0.4667968750929368 0.416734257475083 0.4667968750929368 0.4123705481727575 0.4648437501858736 0.4080068388704319 0.4667968750929368 0.4058249850498339 0.46386718736059485 0.4014612757475083 0.46191406245353156 0.4014612757475083 0.45996093754646844 0.3970975647840531 0.45800781263940515 0.3970975647840531 0.456054687732342 0.386188292358804 0.4511718750929368 0.3818245813953488 0.4511718750929368 0.37527901827242527 0.45410156282527886 0.37527901827242527 0.46191406245353156 0.3687334534883721 0.4648437501858736 0.3643697441860465 0.4628906252788104 0.35564232558139536 0.4628906252788104 0.3490967607973422 0.465820312267658 0.3490967607973422 0.471679687732342 0.36000603488372096 0.47656249962825276 0.3643697441860465 0.47656249962825276 0.3687334534883721 0.4746093747211896 0.37527901827242527 0.47753906245353156 0.37527901827242527 0.47949218736059485 0.37091530897009967 0.481445312267658 0.37746087209302326 0.484375 0.386188292358804 0.484375 0.3949157109634552 0.4882812498141264 0.4123705481727575 0.4882812498141264 0.4145524036544851 0.487304687732342 0.4232798222591362 0.48339843717472114 0.4232798222591362 0.47949218736059485
0 0.4101886943521595 0.43847656282527886 0.4058249850498339 0.43652343717472114 0.4080068388704319 0.4335937501858736 0.4210979684385382 0.4335937501858736 0.4254616777408638 0.4355468750929368 0.4298253870431894 0.4335937501858736 0.4560076445182724 0.4433593747211896 0.46691691694352155 0.43847656282527886 0.46691691694352155 0.43652343717472114 0.4712806279069767 0.434570312267658 0.46691691694352155 0.43261718736059485 0.46255320764119595 0.42675781263940515 0.4647350631229236 0.4257812498141264 0.4734624817275747 0.4257812498141264 0.4887354651162791 0.418945312267658 0.4887354651162791 0.41503906245353156 0.4778261910299003 0.4101562498141264 0.460371353820598 0.4101562498141264 0.4472802242524917 0.41406249962825276 0.4254616777408638 0.41406249962825276 0.4210979684385382 0.4160156252788104 0.4080068388704319 0.4160156252788104 0.40364312956810633 0.4179687501858736 0.3818245813953488 0.4179687501858736 0.37964272757475087 0.418945312267658 0.37964272757475087 0.42285156282527886 0.39273385548172757 0.42871093754646844 0.39273385548172757 0.43066406245353156 0.3970975647840531 0.43261718736059485 0.3970975647840531 0.434570312267658 0.38837014617940196 0.43847656282527886 0.38837014617940196 0.44238281263940515 0.3949157109634552 0.44531249962825276 0.4014612757475083 0.44433593754646844 0.4101886943521595 0.44238281263940515 0.4101886943521595 0.43847656282527886
0 0.5891007840531561 0.44238281263940515 0.6021919119601329 0.43652343717472114 0.6021919119601329 0.434570312267658 0.5956463488372092 0.4316406252788104 0.5869189285714286 0.4316406252788104 0.5760096544850498 0.42675781263940515 0.5760096544850498 0.424804687732342 0.5694640913621263 0.421875 0.5651003820598006 0.421875 0.5520092524916944 0.4160156252788104 0.534554415282392 0.4160156252788104 0.5301907059800665 0.4179687501858736 0.5258269966777408 0.4160156252788104 0.5083721578073089 0.4160156252788104 0.49746288372093017 0.42089843717472114 0.49746288372093017 0.424804687732342 0.5040084485049834 0.4277343747211896 0.5083721578073089 0.4277343747211896 0.5214632857142858 0.4316406252788104 0.5301907059800665 0.4316406252788104 0.5520092524916944 0.4375 0.5607366727574751 0.4375 0.5651003820598006 0.4394531249070632 0.5694640913621263 0.4394531249070632 0.5716459451827243 0.440429687732342 0.5716459451827243 0.44824218736059485 0.5738278006644518 0.4492187501858736 0.582555219269103 0.4492187501858736 0.5847370747508306 0.44824218736059485 0.5891007840531561 0.44628906245353156 0.5891007840531561 0.44238281263940515
0 0.24000402325581396 0.3115234371747212 0.2530951511627907 0.30566406245353156 0.2530951511627907 0.30371093754646844 0.2552770066445183 0.3027343747211896 0.25964071594684385 0.3027343747211896 0.2705499900332226 0.2978515628252788 0.2705499900332226 0.293945312267658 0.25964071594684385 0.2890624996282528 0.24654958803986712 0.2890624996282528 0.24000402325581396 0.2919921873605948 0.24000402325581396 0.299804687732342 0.23782216777408638 0.30078124981412635 0.23345845847176078 0.30078124981412635 0.22036733056478405 0.3046875003717472 0.20291249169435216 0.3046875003717472 0.19636692857142857 0.3076171873605948 0.19636692857142857 0.3115234371747212 0.20727620099667773 0.31640624981412635 0.2116399119601329 0.31640624981412635 0.22036733056478405 0.3203124996282528 0.23345845847176078 0.3203124996282528 0.23564031395348836 0.31933593754646844 0.24000402325581396 0.3173828126394052 0.24000402325581396 0.3115234371747212
0 0.3643697441860465 0.29492187509293677 0.37309716279069766 0.2910156252788104 0.3949157109634552 0.2910156252788104 0.4014612757475083 0.28808593754646844 0.3905520016611296 0.28320312490706323 0.3818245813953488 0.28320312490706323 0.3687334534883721 0.2890624996282528 0.3643697441860465 0.2890624996282528 0.36000603488372096 0.2871093747211896 0.3469149053156146 0.2871093747211896 0.34036934219269105 0.29003906245353156 0.34036934219269105 0.293945312267658 0.3469149053156146 0.296875 0.35564232558139536 0.296875 0.35782417940199335 0.2958984371747212 0.36000603488372096 0.29492187509293677 0.3643697441860465 0.29492187509293677
0 0.313953488372093 0.6996282527881041 0.3106312292358804 0.7033457249070632 0.2840531561461794 0.704089219330855 0.26744186046511625 0.708550185873606 0.26744186046511625 0.7159851301115242 0.28903654485049834 0.7234200743494423 0.2823920265780731 0.7315985130111524 0.2857142857142857 0.7360594795539034 0.29401993355481726 0.7360594795539034 0.3272425249169435 0.7182156133828996 0.36046511627906974 0.7107806691449814 0.3903654485049834 0.7182156133828996 0.41362126245847175 0.7122676579925651 0.40863787375415284 0.7033457249070632 0.3920265780730897 0.7026022304832714 0.3853820598006645 0.6973977695167286 0.36212624584717606 0.6907063197026022 0.3588039867109635 0.6907063197026022 0.3372093023255814 0.7003717472118959 0.313953488372093 0.6996282527881041
0 0.34551495016611294 0.753903345724907 0.36710963455149503 0.7524163568773234 0.3803986710963455 0.7464684014869889 0.4003322259136213 0.7472118959107806 0.4318936877076412 0.7576208178438661 0.45348837209302323 0.7524163568773234 0.4601328903654485 0.7553903345724907 0.46511627906976744 0.7680297397769517 0.47674418604651164 0.7672862453531598 0.4867109634551495 0.7568773234200743 0.4850498338870432 0.7464684014869889 0.46677740863787376 0.745724907063197 0.45348837209302323 0.7509293680297398 0.4435215946843854 0.7464684014869889 0.4152823920265781 0.7464684014869889 0.4019933554817276 0.7382899628252788 0.3803986710963455 0.7420074349442379 0.3654485049833887 0.7382899628252788 0.36212624584717606 0.7382899628252788 0.3438538205980066 0.7434944237918215 0.34551495016611294 0.753903345724907
0 0.37209302325581395 0.8505576208178439 0.38704318936877075 0.8490706319702602 0.38704318936877075 0.8446096654275093 0.3770764119601329 0.841635687732342 0.3754152823920266 0.841635687732342 0.3654485049833887 0.8453531598513011 0.37209302325581395 0.8505576208178439
0 0.3106312292358804 0.8535315985130112 0.3289036544850498 0.8498141263940521 0.3222591362126246 0.8438661710037175 0.32059800664451826 0.8438661710037175 0.30564784053156147 0.8490706319702602 0.3106312292358804 0.8535315985130112
0 0.32059800664451826 0.8676579925650557 0.33056478405315615 0.8661710037174721 0.32558139534883723 0.8587360594795539 0.3239202657807309 0.8587360594795539 0.3122923588039867 0.8639405204460967 0.32059800664451826 0.8676579925650557