0 0.660162213740458 0.37207031204379565 0.7108182259541985 0.37109375 0.7091841603053435 0.36230468795620435 0.6846731877862595 0.345703125 0.6552600183206106 0.345703125 0.6356512396946565 0.349609375 0.622578720610687 0.34765625 0.6160424610687023 0.337890625 0.5833611633587786 0.34375 0.5784589694656489 0.35058593795620435 0.5882633587786259 0.35644531204379565 0.5817270992366412 0.36621093795620435 0.5849952290076336 0.37011718795620435 0.5637523847328244 0.376953125 0.5555820610687023 0.38769531204379565 0.5702886442748092 0.39453125 0.5833611633587786 0.392578125 0.6013358778625955 0.38574218795620435 0.6046040076335878 0.37597656204379565 0.6127743328244275 0.37109375 0.624212786259542 0.37988281204379565 0.624212786259542 0.39746093795620435 0.6323831114503817 0.40234375 0.6503578244274809 0.40136718795620435 0.6699666030534351 0.38769531204379565 0.660162213740458 0.37207031204379565
0 0.7451335877862595 0.25097656204379565 0.7402313923664122 0.248046875 0.7042819664122137 0.248046875 0.6781369282442749 0.234375 0.648723758778626 0.25 0.625846851908397 0.240234375 0.6127743328244275 0.240234375 0.6013358778625955 0.24707031204379562 0.6046040076335878 0.25488281204379565 0.6193105923664122 0.26171875 0.6421874992366412 0.26171875 0.6519918900763358 0.265625 0.6944775755725191 0.263671875 0.7042819664122137 0.267578125 0.7287929389312977 0.26660156204379565 0.7385973282442748 0.26269531204379565 0.7451335877862595 0.25097656204379565
0 0.29249761526717555 0.984375 0.2859613557251908 0.978515625 0.2728888366412214 0.9765625 0.26962070534351146 0.970703125 0.25328005801526715 0.984375 0.23693940763358778 0.97265625 0.21733062900763359 0.966796875 0.18791746259541983 0.966796875 0.17974713740458015 0.9716796879562043 0.18628339694656487 0.9794921879562043 0.16667461832061067 0.9873046879562043 0.17157681221374046 1 0.3398854961832061 0.9990234379562043 0.33171517251908395 0.990234375 0.29249761526717555 0.984375
0 0.09477576335877863 0.9443359379562043 0.09150763358778626 0.9384765620437957 0.10784828244274809 0.9228515620437956 0.09314169770992367 0.9140625 0.06699665954198473 0.9140625 0.06372853129770992 0.919921875 0.031047233587786258 0.91796875 0.0196087786259542 0.9228515620437956 0.013072519083969466 0.9345703120437957 0.032681297709923667 0.9560546879562043 0.006536259541984733 0.9658203120437957 0.006536259541984733 0.9755859379562043 0.01470658320610687 0.98046875 0.031047233587786258 0.978515625 0.047387880916030536 0.986328125 0.062094465648854964 0.9853515620437957 0.0784351145038168 0.9716796879562043 0.09477576335877863 0.9443359379562043
0 0.21733062900763359 0.859375 0.25001192671755723 0.87109375 0.27779103053435117 0.8623046879562044 0.2810591603053435 0.8525390620437956 0.25491412213740455 0.8427734379562044 0.26471851145038167 0.8232421879562044 0.25981631755725193 0.80859375 0.2434756671755725 0.806640625 0.22713501984732823 0.81640625 0.21733062900763359 0.806640625 0.1977218503816794 0.806640625 0.15360209923664123 0.8291015620437956 0.15360209923664123 0.8408203120437956 0.16667461832061067 0.8486328120437956 0.16994274809160306 0.8564453120437956 0.1568702290076336 0.8720703120437956 0.1781130717557252 0.880859375 0.18955152671755726 0.8798828120437956 0.20589217557251907 0.8720703120437956 0.21733062900763359 0.859375
0 0.6993797709923664 0.6806640620437956 0.7091841603053435 0.6689453120437956 0.697745706870229 0.66015625 0.6683325374045802 0.66015625 0.6666984732824427 0.6533203120437956 0.648723758778626 0.6484375 0.625846851908397 0.65625 0.6095062015267175 0.650390625 0.5817270992366412 0.6533203120437956 0.5833611633587786 0.66015625 0.6029699419847329 0.658203125 0.6160424610687023 0.6640625 0.622578720610687 0.662109375 0.6291149801526718 0.669921875 0.6781369282442749 0.681640625 0.696111641221374 0.6982421879562044 0.7059160305343511 0.6982421879562044 0.7157204198473283 0.6884765620437956 0.6993797709923664 0.6806640620437956
0 0.29413167938931295 0.6337890620437956 0.28922948396946563 0.630859375 0.2859613557251908 0.6328125 0.256548186259542 0.61328125 0.2434756671755725 0.61328125 0.23530534351145038 0.6162109379562044 0.23530534351145038 0.6298828120437956 0.24510973282442747 0.6416015620437956 0.21569656488549618 0.6513671879562044 0.25001192671755723 0.673828125 0.26145038167938933 0.6728515620437956 0.2745229007633588 0.6669921879562044 0.29413167938931295 0.6337890620437956
0 0.45100190839694654 0.5966796879562044 0.4362953251908397 0.583984375 0.42975906564885497 0.583984375 0.42322280610687024 0.58984375 0.4068821557251908 0.583984375 0.39544370229007636 0.5888671879562044 0.39544370229007636 0.6025390620437956 0.41505248091603053 0.6083984379562044 0.45100190839694654 0.6064453120437956 0.45100190839694654 0.5966796879562044
0 0.3104723282442748 0.6982421879562044 0.30557013435114505 0.6953125 0.2957657435114504 0.697265625 0.2761569648854962 0.689453125 0.25981631755725193 0.703125 0.24674379847328243 0.703125 0.23040314809160306 0.708984375 0.22550095419847327 0.7177734379562044 0.2434756671755725 0.7265625 0.2810591603053435 0.7314453120437956 0.2908635496183206 0.7255859379562044 0.3104723282442748 0.6982421879562044
0 0.25491412213740455 0.5595703120437956 0.2205987603053435 0.552734375 0.20752624122137403 0.564453125 0.18628339694656487 0.5693359379562044 0.1830152671755725 0.5791015620437956 0.20589217557251907 0.5849609379562044 0.2026240458015267 0.5947265620437956 0.20752624122137403 0.59765625 0.22876908396946566 0.5966796879562044 0.24837786259541986 0.5869140620437956 0.25491412213740455 0.5595703120437956
0 0.16830868396946563 0.46875 0.18628339694656487 0.46582031204379565 0.18955152671755726 0.45410156204379565 0.1813812030534351 0.44921875 0.1617724244274809 0.458984375 0.1568702290076336 0.45019531204379565 0.14869990534351143 0.447265625 0.12255486717557251 0.44921875 0.09150763358778626 0.46191406204379565 0.09150763358778626 0.4775390620437956 0.10458015267175573 0.4833984379562044 0.10784828244274809 0.4931640620437956 0.11928673587786259 0.498046875 0.13072519083969467 0.4970703120437956 0.16013835877862595 0.4833984379562044 0.16830868396946563 0.46875
0 0.4575381679389313 0.4677734379562044 0.4755128824427481 0.470703125 0.49021946564885494 0.45996093795620435 0.4804150763358779 0.44628906204379565 0.46570849160305344 0.44140625 0.4591722320610687 0.44140625 0.4362953251908397 0.455078125 0.42649093435114505 0.451171875 0.4183206106870229 0.45800781204379565 0.4199546748091603 0.462890625 0.38727337709923665 0.4609375 0.3791030534351145 0.4716796879562044 0.3970777679389313 0.48046875 0.42649093435114505 0.4765625 0.4395634534351145 0.482421875 0.4542700381679389 0.4814453120437956 0.46080629770992365 0.4775390620437956 0.4575381679389313 0.4677734379562044
0 0.3529580152671756 0.31738281204379565 0.366030534351145 0.31347656204379565 0.3643964702290076 0.30859375 0.38727337709923665 0.314453125 0.3987118320610687 0.31347656204379565 0.38237118320610686 0.30175781204379565 0.38237118320610686 0.28613281204379565 0.39217557251908397 0.27246093795620435 0.3807371175572519 0.26171875 0.3692986641221374 0.26660156204379565 0.3676645984732824 0.271484375 0.34805581984732825 0.2734375 0.330081106870229 0.28027343795620435 0.3398854961832061 0.29199218795620435 0.3349833007633588 0.30078125 0.328447041221374 0.30078125 0.3153745221374046 0.310546875 0.2908635496183206 0.31347656204379565 0.3186426534351145 0.33203125 0.34315362595419846 0.33105468795620435 0.3594942748091603 0.32324218795620435 0.3529580152671756 0.31738281204379565
0 0.550679865648855 0.548828125 0.5376073465648855 0.548828125 0.526168893129771 0.5556640620437956 0.5310710870229007 0.560546875 0.5523139312977099 0.5595703120437956 0.5555820610687023 0.5517578120437956 0.550679865648855 0.548828125
0 0.6160424610687023 0.201171875 0.6013358778625955 0.20605468795620438 0.6062380732824427 0.21484375 0.624212786259542 0.21386718795620438 0.6274809160305344 0.20800781204379562 0.6160424610687023 0.201171875
0 0.4961832061068702 0.6478102189781022 0.48396946564885496 0.6496350364963503 0.4778625954198473 0.6551094890510949 0.4580152671755725 0.6496350364963503 0.44580152671755724 0.6523722627737226 0.44122137404580153 0.6605839416058394 0.44580152671755724 0.6742700729927007 0.4152671755725191 0.6852189781021898 0.4198473282442748 0.6934306569343066 0.4305343511450382 0.6998175182481752 0.45038167938931295 0.7007299270072993 0.46106870229007635 0.708941605839416 0.4778625954198473 0.7116788321167883 0.516030534351145 0.7043795620437956 0.5328244274809161 0.6897810218978102 0.5709923664122137 0.6715328467153284 0.5633587786259542 0.6614963503649635 0.5435114503816794 0.6596715328467153 0.5343511450381679 0.6459854014598541 0.5297709923664122 0.6459854014598541 0.517557251908397 0.6532846715328468 0.4961832061068702 0.6478102189781022
0 0.37251908396946565 0.8521897810218978 0.3648854961832061 0.8585766423357665 0.3450381679389313 0.8594890510948905 0.3603053435114504 0.8841240875912408 0.3374045801526718 0.8859489051094891 0.33587786259541985 0.8886861313868614 0.34961832061068704 0.8968978102189781 0.37251908396946565 0.8996350364963503 0.3618320610687023 0.906934306569343 0.36793893129770994 0.9124087591240876 0.37709923664122136 0.9133211678832117 0.38778625954198476 0.9032846715328468 0.4 0.9014598540145985 0.4152671755725191 0.9178832116788321 0.43206106870229005 0.9187956204379562 0.45190839694656487 0.9041970802919708 0.433587786259542 0.8877737226277372 0.4488549618320611 0.8804744525547445 0.45038167938931295 0.8731751824817519 0.42900763358778626 0.8604014598540146 0.4351145038167939 0.8549270072992701 0.433587786259542 0.8448905109489051 0.41374045801526715 0.8394160583941606 0.4076335877862595 0.8394160583941606 0.38778625954198476 0.8503649635036497 0.37251908396946565 0.8521897810218978
0 0.24885496183206107 0.9187956204379562 0.27022900763358776 0.9333941605839416 0.3068702290076336 0.9279197080291971 0.31297709923664124 0.9215328467153284 0.31755725190839695 0.9224452554744526 0.3114503816793893 0.9361313868613139 0.2931297709923664 0.9525547445255474 0.29770992366412213 0.9644160583941606 0.3053435114503817 0.968978102189781 0.31603053435114503 0.968978102189781 0.33893129770992364 0.9616788321167883 0.37251908396946565 0.9324817518248175 0.37404580152671757 0.9133211678832117 0.3603053435114504 0.9114963503649635 0.33893129770992364 0.9187956204379562 0.3114503816793893 0.9178832116788321 0.2717557251908397 0.9078467153284672 0.27022900763358776 0.906934306569343 0.2580152671755725 0.9105839416058394 0.24885496183206107 0.9187956204379562
0 0.3435114503816794 0.7116788321167883 0.31603053435114503 0.7217153284671532 0.31297709923664124 0.7262773722627737 0.32061068702290074 0.7354014598540146 0.3526717557251908 0.7417883211678832 0.3847328244274809 0.7673357664233577 0.43206106870229005 0.760036496350365 0.4534351145038168 0.7445255474452555 0.47022900763358777 0.7390510948905109 0.47022900763358777 0.7308394160583942 0.4549618320610687 0.7171532846715328 0.4534351145038168 0.7071167883211679 0.433587786259542 0.7025547445255474 0.3847328244274809 0.7171532846715328 0.3786259541984733 0.7052919708029197 0.3648854961832061 0.6970802919708029 0.35419847328244275 0.6970802919708029 0.3450381679389313 0.7007299270072993 0.3435114503816794 0.7116788321167883
0 0.23969465648854962 0.7636861313868614 0.2580152671755725 0.7664233576642335 0.28396946564885495 0.7864963503649635 0.31755725190839695 0.7892335766423357 0.383206106870229 0.7709854014598541 0.3801526717557252 0.760036496350365 0.35877862595419846 0.7554744525547445 0.35419847328244275 0.7427007299270073 0.3419847328244275 0.7417883211678832 0.3282442748091603 0.7354014598540146 0.3083969465648855 0.7417883211678832 0.29770992366412213 0.7363138686131386 0.2732824427480916 0.7344890510948905 0.26259541984732826 0.7344890510948905 0.24427480916030533 0.7490875912408759 0.23969465648854962 0.7636861313868614
0 0.49312977099236643 0.7645985401459854 0.48396946564885496 0.7718978102189781 0.4854961832061069 0.7782846715328468 0.500763358778626 0.7864963503649635 0.4946564885496183 0.7947080291970803 0.5068702290076336 0.7947080291970803 0.5312977099236641 0.8029197080291971 0.5603053435114503 0.7983576642335767 0.5633587786259542 0.7937956204379562 0.5755725190839694 0.7947080291970803 0.601526717557252 0.7837591240875912 0.6183206106870229 0.7892335766423357 0.6320610687022901 0.7874087591240876 0.6366412213740458 0.7828467153284672 0.6320610687022901 0.7582116788321168 0.6091603053435114 0.7527372262773723 0.5954198473282443 0.7390510948905109 0.5786259541984733 0.7381386861313869 0.5709923664122137 0.7317518248175182 0.5435114503816794 0.7244525547445255 0.5404580152671755 0.7244525547445255 0.517557251908397 0.760036496350365 0.49312977099236643 0.7645985401459854
0 0.49312977099236643 0.2864963503649635 0.48396946564885496 0.29288321167883213 0.44732824427480916 0.30474452554744524 0.4488549618320611 0.31386861313868614 0.4396946564885496 0.32299270072992703 0.44580152671755724 0.33485401459854014 0.46106870229007635 0.34215328467153283 0.4900763358778626 0.3385036496350365 0.549618320610687 0.3147810218978102 0.5465648854961832 0.30383211678832117 0.5297709923664122 0.3010948905109489 0.5297709923664122 0.29744525547445255 0.5419847328244275 0.2937956204379562 0.5251908396946565 0.2864963503649635 0.5251908396946565 0.2782846715328467 0.5114503816793893 0.270985401459854 0.5022900763358779 0.270985401459854 0.4900763358778626 0.27463503649635035 0.49312977099236643 0.2864963503649635
0 0.5954198473282443 0.2892335766423358 0.6030534351145038 0.2965328467153285 0.6442748091603053 0.3056569343065693 0.6427480916030535 0.32116788321167883 0.6748091603053435 0.3166058394160584 0.6916030534351145 0.3093065693430657 0.7114503816793893 0.31113138686131386 0.7267175572519083 0.30656934306569344 0.7282442748091603 0.29927007299270075 0.716030534351145 0.2846715328467153 0.7022900763358778 0.2846715328467153 0.6595419847328244 0.26916058394160586 0.6519083969465649 0.27007299270072993 0.6412213740458015 0.2801094890510949 0.6198473282442748 0.26916058394160586 0.6122137404580152 0.26916058394160586 0.5954198473282443 0.270985401459854 0.5954198473282443 0.2892335766423358
0 0.18931297709923664 0.395985401459854 0.16793893129770993 0.4032846715328467 0.1648854961832061 0.41605839416058393 0.17404580152671756 0.42427007299270075 0.2198473282442748 0.4306569343065693 0.24122137404580152 0.4397810218978102 0.24580152671755726 0.42883211678832117 0.2748091603053435 0.4251824817518248 0.29770992366412213 0.41058394160583944 0.300763358778626 0.4032846715328467 0.2900763358778626 0.3968978102189781 0.2687022900763359 0.40145985401459855 0.25190839694656486 0.3905109489051095 0.23206106870229007 0.39507299270072993 0.22290076335877862 0.3895985401459854 0.2198473282442748 0.3795620437956204 0.20763358778625954 0.3759124087591241 0.20305343511450383 0.3759124087591241 0.18473282442748093 0.38321167883211676 0.18931297709923664 0.395985401459854
0 0.45648854961832064 0.6113138686131386 0.4732824427480916 0.6186131386861314 0.4763358778625954 0.6313868613138686 0.4854961832061069 0.6359489051094891 0.49770992366412214 0.6359489051094891 0.500763358778626 0.6395985401459854 0.5389312977099237 0.6222627737226277 0.5435114503816794 0.6049270072992701 0.5374045801526718 0.583941605839416 0.5267175572519084 0.583029197080292 0.5129770992366413 0.5894160583941606 0.4946564885496183 0.5812043795620438 0.48091603053435117 0.5812043795620438 0.4687022900763359 0.5875912408759124 0.45648854961832064 0.6113138686131386