0 0.5277108433734939 0.4766666666666667 0.5349397590361445 0.48 0.5710843373493976 0.485 0.5686746987951807 0.4891666666666667 0.5493975903614458 0.49333333333333335 0.5445783132530121 0.5025 0.5518072289156627 0.505 0.5710843373493976 0.5033333333333333 0.5783132530120482 0.5083333333333333 0.5927710843373494 0.5108333333333334 0.6024096385542169 0.5075 0.6096385542168675 0.49583333333333335 0.6457831325301204 0.49416666666666664 0.6385542168674698 0.48583333333333334 0.6433734939759036 0.4825 0.6313253012048192 0.47833333333333333 0.6289156626506024 0.4691666666666667 0.5975903614457831 0.465 0.5783132530120482 0.4675 0.5445783132530121 0.4608333333333333 0.5397590361445783 0.45916666666666667 0.5253012048192771 0.4683333333333333 0.5277108433734939 0.4766666666666667
0 0.327710843373494 0.5458333333333333 0.3132530120481928 0.5558333333333333 0.29156626506024097 0.5575 0.28674698795180725 0.5675 0.27710843373493976 0.5716666666666667 0.2746987951807229 0.5766666666666667 0.2819277108433735 0.5808333333333333 0.3132530120481928 0.59 0.3301204819277108 0.5875 0.3686746987951807 0.5691666666666667 0.3759036144578313 0.5516666666666666 0.3566265060240964 0.5416666666666666 0.3493975903614458 0.5416666666666666 0.3397590361445783 0.5466666666666666 0.327710843373494 0.5458333333333333
0 0.4867469879518072 0.5758333333333333 0.5012048192771085 0.5833333333333334 0.5180722891566265 0.585 0.5277108433734939 0.5633333333333334 0.5156626506024097 0.5558333333333333 0.5108433734939759 0.5558333333333333 0.4891566265060241 0.5633333333333334 0.4867469879518072 0.5758333333333333
0 0.46987951807228917 0.6766666666666666 0.4939759036144578 0.6858333333333333 0.5156626506024097 0.6833333333333333 0.5253012048192771 0.685 0.5469879518072289 0.6775 0.5373493975903615 0.6625 0.5060240963855421 0.6575 0.4963855421686747 0.6575 0.4650602409638554 0.6691666666666667 0.46987951807228917 0.6766666666666666
0 0.6024096385542169 0.6091666666666666 0.6 0.6133333333333333 0.6048192771084338 0.6216666666666667 0.6265060240963856 0.6325 0.6506024096385542 0.6391666666666667 0.6602409638554216 0.6475 0.672289156626506 0.6458333333333334 0.6843373493975904 0.6383333333333333 0.7036144578313253 0.6375 0.7204819277108434 0.6233333333333333 0.7036144578313253 0.6125 0.691566265060241 0.6125 0.6481927710843374 0.6016666666666667 0.6457831325301204 0.6008333333333333 0.619277108433735 0.61 0.6024096385542169 0.6091666666666666
0 0.5566265060240964 0.6266666666666667 0.5469879518072289 0.6225 0.5325301204819277 0.6233333333333333 0.5301204819277109 0.6258333333333334 0.5397590361445783 0.6408333333333334 0.5855421686746988 0.6558333333333334 0.6048192771084338 0.6533333333333333 0.5975903614457831 0.6416666666666667 0.6120481927710844 0.635 0.6120481927710844 0.63 0.5975903614457831 0.6216666666666667 0.5951807228915663 0.6216666666666667 0.5831325301204819 0.6258333333333334 0.5566265060240964 0.6266666666666667
0 0.2702545518072289 0.75410203 0.2501463277108434 0.7585526508333333 0.24819277108433735 0.7666666666666667 0.2702545518072289 0.77023553 0.28794979036144575 0.7663412366666666 0.28151515903614455 0.7755206416666667 0.3060240963855422 0.7658333333333334 0.3060240963855422 0.755 0.2891566265060241 0.75 0.2746987951807229 0.7516666666666667 0.2674698795180723 0.7458333333333333 0.2606026048192771 0.7465916075 0.24692901204819276 0.747147935 0.2702545518072289 0.75410203
0 0.5349397590361445 0.7508333333333334 0.5421686746987951 0.7708333333333334 0.5590361445783133 0.7766666666666666 0.5686746987951807 0.7741666666666667 0.5855421686746988 0.775 0.5879518072289157 0.77 0.5783132530120482 0.7616666666666667 0.5686746987951807 0.7608333333333334 0.5710843373493976 0.7541666666666667 0.5686746987951807 0.7566666666666667 0.5590361445783133 0.7525 0.563855421686747 0.7475 0.5566265060240964 0.7408333333333333 0.5542168674698795 0.7408333333333333 0.5349397590361445 0.7441666666666666 0.5349397590361445 0.7508333333333334
0 0.5421686746987951 0.7283333333333334 0.5590361445783133 0.7366666666666667 0.5903614457831325 0.7408333333333333 0.6048192771084338 0.7475 0.6168674698795181 0.7616666666666667 0.6240963855421687 0.7625 0.6457831325301204 0.755 0.6385542168674698 0.7425 0.6120481927710844 0.7283333333333334 0.5807228915662651 0.7233333333333334 0.5759036144578313 0.7233333333333334 0.5542168674698795 0.7241666666666666 0.5421686746987951 0.7283333333333334
0 0.39518072289156625 0.41083333333333333 0.41445783132530123 0.4116666666666667 0.43614457831325304 0.4033333333333333 0.43373493975903615 0.3908333333333333 0.42650602409638555 0.3875 0.41686746987951806 0.39 0.40240963855421685 0.3875 0.39036144578313253 0.3875 0.38795180722891565 0.4075 0.39518072289156625 0.41083333333333333
0 0.5204819277108433 0.22 0.5084337349397591 0.22666666666666666 0.5156626506024097 0.23583333333333334 0.5493975903614458 0.24416666666666667 0.5783132530120482 0.24166666666666667 0.5831325301204819 0.23583333333333334 0.5831325301204819 0.23166666666666666 0.5686746987951807 0.2275 0.5662650602409639 0.22083333333333333 0.5566265060240964 0.21833333333333332 0.5542168674698795 0.21833333333333332 0.5445783132530121 0.22083333333333333 0.5204819277108433 0.22
0 0.5493088554216867 0.2869983466666666 0.5420799397590361 0.28949834666666663 0.5420799397590361 0.29199834666666663 0.5396703012048193 0.29283168 0.5396703012048193 0.29449834666666663 0.5468992168674699 0.29783168 0.5444895783132531 0.31199834666666665 0.5565377710843373 0.3186650133333333 0.5637666867469879 0.32033168 0.5637666867469879 0.32199834666666666 0.5685859638554217 0.32449834666666666 0.5734052409638555 0.32449834666666666 0.5758148795180723 0.32533168 0.5830437951807229 0.32449834666666666 0.5854534337349397 0.32533168 0.5878630722891567 0.32449834666666666 0.5926823493975903 0.32449834666666666 0.5975016265060241 0.32283168 0.6095498192771085 0.32199834666666666 0.6143690963855422 0.31949834666666665 0.6143690963855422 0.31533168 0.6023209036144579 0.31033168 0.6023209036144579 0.30616501333333335 0.6071401807228916 0.30199834666666664 0.6071401807228916 0.29699834666666663 0.5975016265060241 0.29449834666666663 0.5926823493975903 0.29116501333333333 0.5878630722891567 0.29116501333333333 0.5854534337349397 0.29033168 0.5806341566265061 0.2869983466666666 0.5782245180722891 0.28783168 0.5734052409638555 0.2869983466666666 0.5661763253012049 0.28866501333333333 0.5613570481927711 0.28783168 0.5589474096385543 0.28616501333333333 0.5565377710843373 0.28616501333333333 0.5541281325301205 0.2869983466666666 0.5493088554216867 0.2869983466666666
0 0.5614457831325301 0.25833333333333336 0.5566265060240964 0.26 0.5518072289156627 0.26 0.5469879518072289 0.2625 0.5469879518072289 0.2775 0.5445783132530121 0.2791666666666667 0.5469879518072289 0.28 0.5469879518072289 0.2825 0.5518072289156627 0.2841666666666667 0.5686746987951807 0.285 0.5710843373493976 0.2866666666666667 0.5759036144578313 0.2875 0.5759036144578313 0.2916666666666667 0.5783132530120482 0.2925 0.5927710843373494 0.295 0.6024096385542169 0.295 0.6096385542168675 0.29333333333333333 0.6168674698795181 0.2875 0.6240963855421687 0.28583333333333333 0.6313253012048192 0.2825 0.619277108433735 0.275 0.6168674698795181 0.2683333333333333 0.6072289156626506 0.2633333333333333 0.6072289156626506 0.26 0.6024096385542169 0.2575 0.6 0.25333333333333335 0.5951807228915663 0.25 0.5831325301204819 0.24833333333333332 0.5759036144578313 0.24833333333333332 0.5662650602409639 0.25083333333333335 0.5614457831325301 0.25833333333333336