0 0.5367125659630607 0.9697265627376426 0.5204485488126649 0.9560546872623574 0.5340018970976254 0.9462890627376426 0.5340018970976254 0.9189453127376426 0.5163825448548813 0.9140625 0.5001185277044855 0.921875 0.48927584960422166 0.9121093745247147 0.48385451055408973 0.9121093745247147 0.4824991754617414 0.9208984372623574 0.4906311846965699 0.9306640627376426 0.4906311846965699 0.9404296872623574 0.4770778364116095 0.9482421872623574 0.46623515831134565 0.9677734372623574 0.4757225013192612 0.9765625 0.48385451055408973 0.9765625 0.4974078575197889 0.9667968745247147 0.5041845316622692 0.9716796872623574 0.5041845316622692 0.9775390627376427 0.5258698878627969 0.9873046872623573 0.5394232348284961 0.9775390627376427 0.5367125659630607 0.9697265627376426
0 0.59092595646438 0.9912109372623573 0.5882152875989446 0.9833984372623573 0.6071899736147758 0.9736328127376427 0.6071899736147758 0.9638671872623574 0.6004132994722955 0.9589843745247147 0.5814386134564644 0.95703125 0.5705959353562006 0.9609375 0.5475552440633246 0.9794921872623573 0.5448445751978892 0.9892578127376427 0.5489105791556729 0.9941406254752851 0.5597532572559367 0.9980468745247149 0.5746619393139841 0.9970703127376427 0.5841492823218997 0.99609375 0.59092595646438 0.9912109372623573
0 0.6044793034300792 0.9111328127376426 0.5868599525065964 0.9082031254752853 0.5814386134564644 0.8984375 0.5692406002638523 0.9033203127376426 0.5800832783641161 0.8896484372623574 0.5773726094986807 0.8818359372623574 0.562463926121372 0.875 0.5502659129287599 0.8935546872623574 0.5340018970976254 0.9033203127376426 0.5340018970976254 0.9091796872623574 0.5529765831134564 0.9130859372623574 0.5475552440633246 0.9248046872623574 0.5570425870712401 0.9375 0.59092595646438 0.9404296872623574 0.6044793034300792 0.9287109372623574 0.6044793034300792 0.9111328127376426
0 0.5936366253298153 0.8583984372623574 0.6126113126649076 0.8427734372623574 0.6126113126649076 0.8095703127376426 0.5841492823218997 0.796875 0.5814386134564644 0.8046875 0.5651745963060686 0.8046875 0.5448445751978892 0.8134765627376426 0.5421339050131926 0.8349609372623574 0.5353572308707124 0.8300781254752853 0.5272252229551452 0.8300781254752853 0.515027209762533 0.8408203127376426 0.515027209762533 0.8486328127376426 0.5218038839050132 0.85546875 0.5407785699208443 0.85546875 0.5461999089709763 0.8515625 0.5475552440633246 0.8623046872623574 0.5570425870712401 0.87109375 0.5760172744063324 0.8769531254752853 0.585504617414248 0.8759765627376426 0.5936366253298153 0.8662109372623574 0.5936366253298153 0.8583984372623574
0 0.338833691292876 0.8388671872623574 0.3347676860158311 0.83203125 0.31850366886543535 0.83203125 0.31037166094986807 0.8359375 0.3035949868073879 0.8310546872623574 0.31443766490765174 0.8212890627376426 0.31037166094986807 0.8125 0.2981736477572559 0.8173828127376426 0.3008843166226913 0.8251953127376426 0.28868630474934037 0.8261718745247147 0.2710669525065963 0.8408203127376426 0.2805542955145119 0.8535156254752853 0.292752308707124 0.8544921872623574 0.3212143390501319 0.84765625 0.338833691292876 0.8388671872623574
0 0.5665299313984169 0.7119140627376426 0.5489105791556729 0.7050781254752853 0.5245145527704486 0.7089843745247147 0.5312912269129287 0.7001953127376426 0.5299358918205804 0.6894531254752853 0.5109612058047494 0.6875 0.4946971886543536 0.7050781254752853 0.4757225013192612 0.7011718745247147 0.4689458284960422 0.7060546872623574 0.4689458284960422 0.7119140627376426 0.4757225013192612 0.7167968745247147 0.5082505356200527 0.71875 0.5163825448548813 0.7285156254752853 0.5340018970976254 0.7294921872623574 0.5597532572559367 0.7246093745247147 0.5665299313984169 0.7119140627376426
0 0.36322971635883905 0.7041015627376426 0.3605190474934037 0.6806640627376426 0.34018902506596305 0.671875 0.33341235092348287 0.6826171872623574 0.315793 0.6894531254752853 0.3090163258575198 0.6982421872623574 0.3347676860158311 0.7167968745247147 0.34967636939313984 0.7158203127376426 0.35509770712401056 0.7060546872623574 0.36322971635883905 0.7041015627376426
0 0.31037166094986807 0.6328125 0.3212143390501319 0.63671875 0.3374783562005277 0.6347656254752853 0.3442550290237467 0.6240234372623574 0.322569672823219 0.6142578127376426 0.3307016820580475 0.6064453127376426 0.3293463469656992 0.5957031254752853 0.315793 0.5957031254752853 0.3076609907651715 0.6074218745247147 0.2941076437994723 0.5917968745247147 0.2724222875989446 0.58984375 0.26835628232189973 0.5927734372623574 0.26835628232189973 0.6025390627376426 0.27377762269129285 0.6064453127376426 0.2710669525065963 0.6474609372623574 0.2805542955145119 0.6542968745247147 0.292752308707124 0.6533203127376426 0.3008843166226913 0.6494140627376426 0.31037166094986807 0.6328125
0 0.26564561345646437 0.6787109372623574 0.2791989604221636 0.6689453127376426 0.2791989604221636 0.6611328127376426 0.2642902783641161 0.65234375 0.25209226649076516 0.6572265627376426 0.24802626121372032 0.66796875 0.23718358311345647 0.6660156254752853 0.20330021372031662 0.6943359372623574 0.2127875580474934 0.70703125 0.2344729142480211 0.71484375 0.24396025725593667 0.7138671872623574 0.26835628232189973 0.6982421872623574 0.26564561345646437 0.6787109372623574
0 0.39846841952506595 0.4931640627376426 0.4025344248021109 0.48242187452471486 0.4255751160949868 0.47949218726235737 0.4309964538258575 0.47167968726235737 0.4242197810026386 0.46484375 0.391691746701847 0.46875 0.35916371240105543 0.45703125 0.34967636939313984 0.46191406273764263 0.34967636939313984 0.47949218726235737 0.338833691292876 0.48339843726235737 0.33612302110817943 0.4912109372623574 0.34289969525065966 0.49609375 0.36458505145118736 0.49609375 0.3700063905013193 0.5019531254752853 0.3794937335092348 0.5009765627376426 0.38898107651715036 0.5 0.39846841952506595 0.4931640627376426
0 0.5489105791556729 0.453125 0.555687253298153 0.44824218726235737 0.5583979221635884 0.43847656273764263 0.5516212480211081 0.43359375 0.5163825448548813 0.43359375 0.5082505356200527 0.4375 0.49198651846965696 0.43554687452471486 0.4784331715039578 0.43164062547528514 0.46487982321899735 0.41992187452471486 0.4513264762532982 0.41992187452471486 0.4309964538258575 0.42871093726235737 0.4309964538258575 0.43457031273764263 0.4472604722955145 0.44042968726235737 0.44454980211081796 0.44824218726235737 0.4513264762532982 0.45703125 0.48385451055408973 0.45898437452471486 0.4974078575197889 0.46875 0.5123165408970977 0.46777343726235737 0.5272252229551452 0.453125 0.5489105791556729 0.453125
0 0.532646562005277 0.5234375 0.5461999089709763 0.5234375 0.555687253298153 0.5185546872623574 0.555687253298153 0.5107421872623574 0.5461999089709763 0.50390625 0.5136718746701847 0.5078125 0.4974078575197889 0.4902343745247148 0.4730118324538259 0.5097656254752853 0.47030116226912927 0.4941406254752852 0.4567478153034301 0.4902343745247148 0.44454980211081796 0.4990234372623574 0.4513264762532982 0.5078125 0.46623515831134565 0.5126953127376426 0.4499711411609499 0.5244140627376426 0.4567478153034301 0.5332031254752853 0.46487982321899735 0.5332031254752853 0.4784331715039578 0.5253906254752853 0.48927584960422166 0.5253906254752853 0.5028291965699208 0.5371093745247147 0.5231592189973615 0.5400390627376426 0.5312912269129287 0.5361328127376426 0.532646562005277 0.5234375
0 0.7088400804749341 0.34765625 0.7210380936675461 0.34082031273764263 0.7210380936675461 0.33496093726235737 0.7020634063324538 0.32714843726235737 0.7101954155672823 0.31738281273764263 0.707484746701847 0.30566406273764263 0.7115507506596306 0.30273437452471486 0.7169720897097625 0.3046875 0.7196827585751979 0.296875 0.7061294116094986 0.29882812547528514 0.7007080725593667 0.3046875 0.6817333852242744 0.3046875 0.6763120461741425 0.30859375 0.6681800382585752 0.3046875 0.6478500158311346 0.30761718726235737 0.6451393469656992 0.31933593726235737 0.6505606860158312 0.32324218726235737 0.6505606860158312 0.33105468726235737 0.6356520039577837 0.33398437452471486 0.6288753298153035 0.33886718726235737 0.6288753298153035 0.34472656273764263 0.6627586992084433 0.35546875 0.6722460422163589 0.35449218726235737 0.6871547242744064 0.34765625 0.7088400804749341 0.34765625
0 0.807779518469657 0.29394531273764263 0.7955815052770449 0.28710937452471486 0.7793174881266491 0.2890625 0.7806728232189973 0.27441406273764263 0.7657641411609498 0.27148437452471486 0.7522107928759895 0.26367187452471486 0.7386574459102901 0.265625 0.7332361068601583 0.27148437452471486 0.7223934287598944 0.265625 0.7088400804749341 0.26757812547528514 0.7047740765171504 0.27441406273764263 0.7264594327176781 0.28417968726235737 0.7183274248021109 0.29589843726235737 0.7345914406332453 0.30566406273764263 0.7345914406332453 0.31152343726235737 0.7413681147757256 0.31640625 0.760342802110818 0.3125 0.7698301451187335 0.31542968726235737 0.7955815052770449 0.3125 0.807779518469657 0.29394531273764263
0 0.6695353720316622 0.16699218726235743 0.6668247031662269 0.16113281273764257 0.6464946820580475 0.15820312547528517 0.6356520039577837 0.16210937452471483 0.6342966688654353 0.16894531273764257 0.6532713562005277 0.17675781273764257 0.6627586992084433 0.19140625 0.6695353720316622 0.19042968726235743 0.6641140343007915 0.18261718726235743 0.6695353720316622 0.16699218726235743
0 0.7305254366754618 0.25585937452471486 0.7345914406332453 0.2490234372623574 0.714261419525066 0.23828125 0.7061294116094986 0.2421875 0.6925760633245382 0.24023437452471483 0.6844440554089709 0.24609375 0.6681800382585752 0.24609375 0.6586926939313984 0.25097656273764263 0.6654693680738786 0.2578125 0.6749567124010554 0.25683593726235737 0.6817333852242744 0.25390625 0.7305254366754618 0.25585937452471486
0 0.8660589129287599 0.25390625 0.8525055659630606 0.25390625 0.8389522176781004 0.24023437452471483 0.8145561926121372 0.23828125 0.8050688496042218 0.24121093726235743 0.8308202097625329 0.26757812547528514 0.8470842269129287 0.26953125 0.8552162348284961 0.265625 0.8687695831134564 0.2734375 0.8782569261213721 0.27246093726235737 0.8863889340369392 0.26269531273764263 0.8660589129287599 0.25390625
0 0.7928708364116095 0.40039062547528514 0.7793174881266491 0.39648437452471486 0.7657641411609498 0.38671875 0.7481447889182058 0.38574218726235737 0.7427234498680739 0.37792968726235737 0.7481447889182058 0.37011718726235737 0.7413681147757256 0.36328125 0.7278147678100263 0.36132812547528514 0.7169720897097625 0.37109375 0.7101954155672823 0.37207031273764263 0.7101954155672823 0.38183593726235737 0.7237487625329815 0.39746093726235737 0.7061294116094986 0.40039062547528514 0.6993527374670184 0.40527343726235737 0.7034187414248021 0.41210937452471486 0.7196827585751979 0.41210937452471486 0.7278147678100263 0.40039062547528514 0.7495001240105541 0.40039062547528514 0.760342802110818 0.40234375 0.7766068192612137 0.4140625 0.7969368403693932 0.41308593726235737 0.7996475092348284 0.40527343726235737 0.7928708364116095 0.40039062547528514
0 0.8890996042216359 0.36230468726235737 0.9026529525065964 0.35644531273764263 0.9026529525065964 0.34863281273764263 0.8850336002638522 0.3359375 0.8660589129287599 0.33789062547528514 0.8701249182058048 0.32324218726235737 0.8633482440633246 0.3203125 0.8443735567282322 0.328125 0.83217554353562 0.33886718726235737 0.8348862137203166 0.34863281273764263 0.8484395620052771 0.35644531273764263 0.8375968839050133 0.37207031273764263 0.8823229300791557 0.390625 0.8918102744063325 0.38964843726235737 0.9053636213720316 0.37597656273764263 0.8890996042216359 0.36230468726235737
0 0.8470842269129287 0.32226562547528514 0.8511502308707124 0.30957031273764263 0.8308202097625329 0.30273437452471486 0.7888048311345646 0.31738281273764263 0.7888048311345646 0.32324218726235737 0.7955815052770449 0.328125 0.8104901873350923 0.32714843726235737 0.8226882005277045 0.3203125 0.8470842269129287 0.32226562547528514
0 0.5448445751978892 0.6455078127376426 0.5611085910290238 0.6376953127376426 0.5611085910290238 0.6318359372623574 0.5570425870712401 0.6269531254752853 0.5367125659630607 0.6240234372623574 0.5448445751978892 0.6083984372623574 0.5407785699208443 0.6035156254752853 0.5299358918205804 0.6035156254752853 0.5272252229551452 0.6074218745247147 0.509605870712401 0.6103515627376426 0.5041845316622692 0.6240234372623574 0.5285805567282322 0.6279296872623574 0.5340018970976254 0.6396484372623574 0.5204485488126649 0.6455078127376426 0.5177378786279684 0.6533203127376426 0.5272252229551452 0.6582031254752853 0.5367125659630607 0.6572265627376426 0.5421339050131926 0.6552734372623574 0.5448445751978892 0.6455078127376426
0 0.6668247031662269 0.6533203127376426 0.679022716358839 0.65234375 0.6885100593667546 0.6435546872623574 0.6912207282321899 0.6318359372623574 0.7007080725593667 0.6308593745247147 0.7101954155672823 0.6220703127376426 0.7101954155672823 0.6083984372623574 0.6952867335092348 0.6015625 0.6817333852242744 0.6035156254752853 0.6681800382585752 0.5878906254752853 0.6464946820580475 0.5839843745247147 0.6370073377308707 0.5888671872623574 0.631586 0.6025390627376426 0.6370073377308707 0.6201171872623574 0.6058346385224274 0.62890625 0.5990579656992084 0.6435546872623574 0.6112559775725593 0.6503906254752853 0.632941333773087 0.6464843745247147 0.6370073377308707 0.6494140627376426 0.6261646596306069 0.6591796872623574 0.631586 0.6689453127376426 0.6410733430079156 0.6738281254752853 0.6586926939313984 0.6728515627376426 0.6695353720316622 0.6650390627376426 0.6668247031662269 0.6533203127376426
0 0.7386574459102901 0.66015625 0.7481447889182058 0.6552734372623574 0.7535661279683378 0.6455078127376426 0.7454341187335092 0.6357421872623574 0.7481447889182058 0.6318359372623574 0.7386574459102901 0.6269531254752853 0.7196827585751979 0.6269531254752853 0.6979974023746702 0.6328125 0.6857993905013193 0.6455078127376426 0.6885100593667546 0.6611328127376426 0.6993527374670184 0.6767578127376426 0.7034187414248021 0.6796875 0.7183274248021109 0.6787109372623574 0.7156167546174143 0.6572265627376426 0.7386574459102901 0.66015625
0 0.8226882005277045 0.66796875 0.8443735567282322 0.66796875 0.8484395620052771 0.6650390627376426 0.8403075527704486 0.6572265627376426 0.8457288918205804 0.6396484372623574 0.8267542058047495 0.6279296872623574 0.8267542058047495 0.6142578127376426 0.8213328654353561 0.6103515627376426 0.8294648746701847 0.5966796872623574 0.8213328654353561 0.5849609372623574 0.8118455224274407 0.5800781254752853 0.8050688496042218 0.5810546872623574 0.7969368403693932 0.5986328127376426 0.7698301451187335 0.6103515627376426 0.7725408153034301 0.6240234372623574 0.7535661279683378 0.6416015627376426 0.7481447889182058 0.6533203127376426 0.7400127810026386 0.6572265627376426 0.7535661279683378 0.6708984372623574 0.756276796833773 0.6845703127376426 0.7657641411609498 0.69140625 0.783383493403694 0.6904296872623574 0.8010028443271768 0.6855468745247147 0.8226882005277045 0.66796875
0 0.7806728232189973 0.5205078127376426 0.7860941622691293 0.5185546872623574 0.7711854802110818 0.5175781254752853 0.7630534709762533 0.5234375 0.754921463060686 0.5234375 0.7508554591029024 0.5205078127376426 0.7535661279683378 0.5068359372623574 0.7454341187335092 0.4951171872623574 0.7359467757255937 0.48828125 0.7223934287598944 0.48828125 0.7088400804749341 0.47851562547528514 0.6952867335092348 0.48046875 0.6803780501319261 0.4912109372623574 0.679022716358839 0.50390625 0.6519160211081795 0.4902343745247148 0.6397180079155673 0.4951171872623574 0.6437840118733509 0.5097656254752853 0.6817333852242744 0.5214843745247147 0.6898653944591029 0.5292968745247147 0.6952867335092348 0.5292968745247147 0.7034187414248021 0.51953125 0.7223934287598944 0.515625 0.7440787849604221 0.5214843745247147 0.7495001240105541 0.5292968745247147 0.7752514841688655 0.5322265627376426 0.783383493403694 0.5263671872623574 0.7806728232189973 0.5205078127376426
0 0.5868599525065964 0.5625 0.6085453087071241 0.5683593745247147 0.627519994722955 0.56640625 0.6342966688654353 0.5615234372623574 0.631586 0.5537109372623574 0.6220986556728232 0.546875 0.6058346385224274 0.54296875 0.5787279432717678 0.54296875 0.567885265171504 0.546875 0.5638192612137203 0.5498046872623574 0.5665299313984169 0.5556640627376426 0.5461999089709763 0.5605468745247147 0.5421339050131926 0.5693359372623574 0.5543319182058047 0.578125 0.5746619393139841 0.5771484372623574 0.5882152875989446 0.5732421872623574 0.5868599525065964 0.5625
0 0.33341235092348287 0.9287109372623574 0.3171483350923483 0.9248046872623574 0.3252803430079156 0.9189453127376426 0.31443766490765174 0.9169921872623574 0.3117269947229551 0.9072265627376426 0.3008843166226913 0.8994140627376426 0.3035949868073879 0.8935546872623574 0.2859756345646438 0.8828125 0.2764882915567282 0.8896484372623574 0.2981736477572559 0.8974609372623574 0.28733096965699206 0.9013671872623574 0.2846203007915567 0.9150390627376426 0.29681831266490766 0.9199218745247147 0.31850366886543535 0.9394531254752853 0.3252803430079156 0.9384765627376426 0.33341235092348287 0.9365234372623574 0.33341235092348287 0.9287109372623574
0 0.44454980211081796 0.6474609372623574 0.4418391319261214 0.6396484372623574 0.43235178891820575 0.6347656254752853 0.41879844195250665 0.6347656254752853 0.4025344248021109 0.6484375 0.391691746701847 0.640625 0.38627040765171505 0.640625 0.3794937335092348 0.6474609372623574 0.38355973746701844 0.65625 0.4079557638522428 0.6542968745247147 0.41879844195250665 0.6582031254752853 0.4309964538258575 0.6572265627376426 0.43777312796833767 0.65625 0.44454980211081796 0.6474609372623574
0 0.029023746701846966 0.6977186311787072 0.029023746701846966 0.7110266159695817 0.0158311345646438 0.7195817490494296 0.0158311345646438 0.7243346007604563 0.027704485488126648 0.7328897338403042 0.05672823218997362 0.7319391634980988 0.0633245382585752 0.7271863117870723 0.07255936675461741 0.7319391634980988 0.08179419525065963 0.7281368821292775 0.08970976253298153 0.717680608365019 0.10686015831134564 0.714828897338403 0.11609498680738786 0.7081749049429658 0.11741424802110818 0.6996197718631179 0.10686015831134564 0.6929657794676806 0.09630606860158311 0.6929657794676806 0.08311345646437995 0.6825095057034221 0.07519788918205805 0.6825095057034221 0.059366754617414245 0.6920152091254753 0.029023746701846966 0.6977186311787072