0 0.33628056691449815 0.35546875030902353 0.3480283605947955 0.36328124969097647 0.36858699814126394 0.36132812484548826 0.3788663159851301 0.3466796872682324 0.37592936802973975 0.3349609369592089 0.3597761524163569 0.328125 0.3421544646840149 0.33007812484548826 0.3333436189591078 0.32226562546353527 0.2892893959107807 0.31835937453646473 0.27754160408921935 0.33398437453646473 0.2599199144981413 0.328125 0.2540460185873606 0.34375 0.2334873810408922 0.34179687515451174 0.22614501115241636 0.3466796872682324 0.22614501115241636 0.3564453127317676 0.25110907063197024 0.37109375030902353 0.2907578698884758 0.3759765624227441 0.31865887918215613 0.35546875030902353 0.33628056691449815 0.35546875030902353
0 0.609416749070632 0.42968750061804695 0.5741733698884759 0.42773437453646473 0.566831 0.4384765624227441 0.549209310408922 0.4462890630407911 0.5565516821561338 0.45507812484548826 0.5815157416356878 0.4560546872682324 0.6167591189591077 0.4443359369592089 0.609416749070632 0.42968750061804695
0 0.3597761524163569 0.5664062496909765 0.3700554721189591 0.5458984375772559 0.3509653085501859 0.5429687503090235 0.34949683457249076 0.5322265624227441 0.3392175148698885 0.5253906254635352 0.31572192936802973 0.5332031248454883 0.28635244795539033 0.5117187503090235 0.26873075836431226 0.5117187503090235 0.2584514405204461 0.5244140630407911 0.2672622843866171 0.5380859369592089 0.24523517286245353 0.5449218751545117 0.2378928029739777 0.5576171878862793 0.24817212267657993 0.5644531248454883 0.2834155 0.5585937503090235 0.30103718959107806 0.5605468751545117 0.31278498141263944 0.5722656254635352 0.326001249070632 0.5712890630407911 0.3421544646840149 0.5625 0.3597761524163569 0.5664062496909765
0 0.652002498141264 0.7607421878862793 0.6431916524163569 0.7548828121137207 0.6578763940520446 0.7412109369592088 0.6431916524163569 0.7294921878862793 0.6549394460966542 0.7236328121137207 0.6549394460966542 0.7177734375772559 0.6329123345724907 0.6972656254635352 0.618227592936803 0.6953124993819529 0.5829842156133829 0.7089843745364648 0.5727048959107807 0.7216796872682324 0.5903265855018588 0.7353515624227441 0.584452689591078 0.7470703127317676 0.6020743791821561 0.7705078121137207 0.6211645408921933 0.78125 0.6373177565055762 0.7802734375772559 0.6490655501858736 0.7744140630407912 0.652002498141264 0.7607421878862793
0 0.3201273531598513 0.9658203127317676 0.33187514498141263 0.9619140630407912 0.334812092936803 0.9482421878862793 0.3245327750929368 0.9394531248454882 0.3025056635687733 0.9384765624227441 0.3025056635687733 0.9189453127317676 0.2834155 0.9121093745364648 0.26579381040892197 0.921875 0.24817212267657993 0.9238281248454882 0.23936127695167286 0.9355468751545118 0.2085233215613383 0.9443359369592088 0.20558637360594795 0.9560546872682324 0.22320806319702602 0.9658203127317676 0.21146026951672864 0.9833984375772559 0.2246765371747212 1 0.30837955947955387 0.9990234375772559 0.30837955947955387 0.9833984375772559 0.3201273531598513 0.9658203127317676
0 0.5741733698884759 0.9726562496909765 0.5403984665427509 0.9951171878862793 0.541866940520446 1 0.5903265855018588 0.9990234375772559 0.6167591189591077 0.9873046872682324 0.5741733698884759 0.9726562496909765
0 0.27166770817843866 0.7734375006180471 0.2378928029739777 0.7744140630407912 0.23495585501858737 0.7841796872682324 0.2422982249070632 0.7890624993819529 0.26432533643122674 0.7880859369592088 0.2760731301115242 0.7841796872682324 0.27166770817843866 0.7734375006180471
0 0.5037174721189591 0.7948084054388134 0.5074349442379182 0.8022249690976514 0.4962825278810409 0.8084054388133498 0.46654275092936803 0.8059332509270705 0.45353159851301117 0.8158220024721878 0.45353159851301117 0.8331273176761433 0.49256505576208176 0.8331273176761433 0.4739776951672863 0.8590852904820766 0.4758364312267658 0.8899876390605687 0.4888475836431227 0.896168108776267 0.5074349442379182 0.892459826946848 0.5092936802973977 0.8739184177997528 0.5241635687732342 0.8566131025957973 0.5130111524163569 0.8331273176761433 0.5278810408921933 0.8294190358467244 0.5315985130111525 0.8170580964153276 0.5483271375464684 0.830655129789864 0.5687732342007435 0.8220024721878862 0.550185873605948 0.7861557478368356 0.5260223048327137 0.7836835599505563 0.5111524163568774 0.788627935723115 0.49814126394052044 0.7812113720642769 0.4962825278810409 0.7812113720642769 0.48698884758364314 0.7898640296662547 0.5037174721189591 0.7948084054388134
0 0.5111524163568774 0.8912237330037083 0.5148698884758365 0.896168108776267 0.5576208178438662 0.9048207663782447 0.5799256505576208 0.892459826946848 0.5910780669144982 0.8702101359703337 0.5650557620817844 0.8541409147095179 0.550185873605948 0.8541409147095179 0.5223048327137546 0.8603213844252163 0.5111524163568774 0.8912237330037083
0 0.6412639405204461 0.857849196538937 0.6394052044609665 0.8665018541409147 0.6338289962825279 0.8702101359703337 0.5966542750929368 0.8702101359703337 0.5762081784386617 0.8912237330037083 0.5762081784386617 0.9011124845488258 0.5947955390334573 0.9085290482076638 0.6301115241635687 0.9060568603213844 0.6672862453531598 0.9221260815822002 0.6877323420074349 0.92336217552534 0.7044609665427509 0.9134734239802225 0.6895910780669146 0.8936959208899876 0.6933085501858736 0.8813349814585909 0.6654275092936803 0.8739184177997528 0.6765799256505576 0.8541409147095179 0.6468401486988847 0.8343634116192831 0.6356877323420075 0.8343634116192831 0.6226765799256505 0.8417799752781211 0.6412639405204461 0.857849196538937
0 0.4256505576208178 0.4857849196538937 0.47026022304832715 0.47713226205191595 0.47026022304832715 0.47342398022249693 0.4516728624535316 0.47095179233621753 0.45539033457249073 0.45241038318912236 0.4423791821561338 0.44252163164400493 0.42936802973977695 0.44252163164400493 0.3996282527881041 0.46971569839307786 0.4256505576208178 0.4857849196538937