0 0.5740219800995024 0.4492187505617978 0.575103 0.44238281235955057 0.5588876902985075 0.4238281247191011 0.5340242151741293 0.42285156292134835 0.5340242151741293 0.40332031235955057 0.5286191119402985 0.3964843752808989 0.5199709465174129 0.3945312494382022 0.5134848221393035 0.3984375 0.49835053233830845 0.390625 0.4972695124378109 0.40917968764044943 0.48429726368159204 0.41503906292134835 0.48429726368159204 0.42480468764044943 0.4702439950248756 0.4296875 0.4670009328358209 0.43847656292134835 0.48321624253731343 0.4550781247191011 0.49402645024875624 0.453125 0.506998697761194 0.4433593752808989 0.5178089042288557 0.4589843752808989 0.5275380907960199 0.45800781235955057 0.5437534004975124 0.4492187505617978 0.5740219800995024 0.4492187505617978
0 0.6053715796019901 0.37011718764044943 0.5967234141791045 0.36230468764044943 0.6010474975124378 0.35449218764044943 0.5783460621890547 0.3378906247191011 0.5632117736318408 0.3359375 0.5545636082089552 0.3242187505617978 0.5394293184079602 0.3242187505617978 0.5264570696517413 0.34375 0.5156468631840796 0.3457031247191011 0.5015935945273632 0.35644531235955057 0.5048366567164179 0.3632812494382022 0.5221329875621891 0.3671875 0.5415913594527363 0.3789062494382022 0.552401565920398 0.3789062494382022 0.5610497313432836 0.3867187505617978 0.575103 0.38769531235955057 0.6032095385572139 0.37792968764044943 0.6053715796019901 0.37011718764044943
0 0.35781784452736315 0.4355468752808989 0.3740331542288557 0.43066406292134835 0.3718711131840796 0.41503906292134835 0.35457478233830847 0.41113281235955057 0.35673682338308454 0.39941406292134835 0.35133172014925373 0.3945312494382022 0.31025293407960197 0.40625 0.30484783084577116 0.41894531235955057 0.29619966542288556 0.42285156292134835 0.29619966542288556 0.43066406292134835 0.31673905845771144 0.4433593752808989 0.32538722388059704 0.4570312494382022 0.34160253482587066 0.45605468764044943 0.35673682338308454 0.44238281235955057 0.35781784452736315 0.4355468752808989
0 0.4324082711442786 0.35839843707865165 0.4161929614427861 0.34375 0.40538275373134325 0.34375 0.38051927860696516 0.35644531235955057 0.38051927860696516 0.36425781235955057 0.3880864228855721 0.3710937505617978 0.40538275373134325 0.3632812494382022 0.41403091915422885 0.3710937505617978 0.42592214676616913 0.37207031235955057 0.4324082711442786 0.36621093707865165 0.4324082711442786 0.35839843707865165
0 0.32322518283582086 0.6464843752808989 0.34592661691542287 0.6240234370786517 0.340521513681592 0.6152343752808989 0.3286302860696517 0.6123046876404495 0.32646824502487565 0.5986328123595505 0.31025293407960197 0.5898437505617978 0.29619966542288556 0.5947265629213483 0.29403762437810943 0.6103515629213483 0.28106537562189055 0.6162109370786517 0.28322741791044775 0.6279296876404495 0.26809312810945274 0.6396484370786517 0.2713361902985075 0.6484375 0.29187558333333335 0.6474609370786517 0.30376681094527364 0.6425781247191011 0.32322518283582086 0.6464843752808989
0 0.4324082711442786 0.7783203123595505 0.43997541542288554 0.7695312494382022 0.44646153980099507 0.7753906247191011 0.45943378855721395 0.7734375 0.4670009328358209 0.7607421876404495 0.45943378855721395 0.7539062494382022 0.43673235323383086 0.7587890629213483 0.4345703121890547 0.7509765629213483 0.4432184776119403 0.7353515629213483 0.4291652089552239 0.7246093752808989 0.4205170435323383 0.7265625 0.4097068370646766 0.7382812494382022 0.40105867164179104 0.7285156247191011 0.39457254726368163 0.7285156247191011 0.38916744402985076 0.7333984370786517 0.38916744402985076 0.7548828123595505 0.3686280509950249 0.7636718752808989 0.36106090671641794 0.7705078123595505 0.363222947761194 0.7783203123595505 0.385924381840796 0.7832031247191011 0.39889663059701497 0.78125 0.41403091915422885 0.7871093752808989 0.42700316791044773 0.8046875 0.43889439552238807 0.8037109370786517 0.4432184776119403 0.7900390629213483 0.4324082711442786 0.7783203123595505
0 0.5448344216417911 0.6787109370786517 0.5469964626865671 0.6708984370786517 0.5394293184079602 0.6640625 0.5242950286069652 0.6640625 0.5188899253731343 0.6513671876404495 0.5113227810945273 0.6464843752808989 0.48537828482587064 0.6484375 0.4799731815920398 0.6513671876404495 0.48429726368159204 0.6748046876404495 0.47781113930348257 0.6826171876404495 0.47781113930348257 0.6904296876404495 0.48429726368159204 0.6923828123595505 0.5351052350746268 0.6855468752808989 0.5448344216417911 0.6787109370786517
0 0.575103 0.8408203123595505 0.6032095385572139 0.8134765629213483 0.5988854552238806 0.7998046876404495 0.5891562699004975 0.7988281247191011 0.5805081044776119 0.7832031247191011 0.5653738146766168 0.7949218752808989 0.5502395248756219 0.7929687505617978 0.5383482972636816 0.7998046876404495 0.5383482972636816 0.8271484370786517 0.5318621741293532 0.8291015629213483 0.5275380907960199 0.8388671876404495 0.5351052350746268 0.8515625 0.5502395248756219 0.8535156247191011 0.5567256492537314 0.8476562494382022 0.5632117736318408 0.8613281247191011 0.5794270833333334 0.8642578123595505 0.5837511666666667 0.8525390629213483 0.575103 0.8408203123595505
0 0.4194360223880597 0.9169921876404495 0.4129498992537314 0.9111328123595505 0.41078785820895525 0.8916015629213483 0.4032207126865672 0.8847656247191011 0.3729521343283582 0.8886718752808989 0.3675470298507463 0.9033203123595505 0.36970907213930354 0.9208984370786517 0.3653849888059701 0.9384765629213483 0.3751141753731343 0.9433593752808989 0.38916744402985076 0.9423828123595505 0.40538275373134325 0.9355468752808989 0.4194360223880597 0.9169921876404495
0 0.3189010995024876 0.53125 0.3113339552238806 0.5361328123595506 0.3091719141791045 0.5517578123595506 0.31457701741293537 0.5585937505617977 0.32214416169154225 0.5576171876404494 0.34160253482587066 0.5400390629213483 0.3189010995024876 0.53125
0 0.1654228855721393 0.8258426966292135 0.15547263681592038 0.8213483146067416 0.1417910447761194 0.8247191011235955 0.1455223880597015 0.8314606741573034 0.1654228855721393 0.8404494382022472 0.16044776119402984 0.852808988764045 0.16417910447761194 0.8662921348314607 0.18159203980099503 0.8730337078651685 0.19776119402985073 0.8707865168539326 0.2300995024875622 0.851685393258427 0.2263681592039801 0.8370786516853933 0.2325870646766169 0.8179775280898877 0.22014925373134328 0.8134831460674158 0.2064676616915423 0.8202247191011236 0.20024875621890548 0.8078651685393259 0.19527363184079602 0.8078651685393259 0.17661691542288557 0.8123595505617978 0.1654228855721393 0.8258426966292135
0 0.25497512437810943 0.9 0.24751243781094528 0.9089887640449438 0.24129353233830847 0.9089887640449438 0.24378109452736318 0.9325842696629213 0.263681592039801 0.9292134831460674 0.26990049751243783 0.9337078651685393 0.2947761194029851 0.9359550561797753 0.3009950248756219 0.9303370786516854 0.30845771144278605 0.8966292134831461 0.3034825870646766 0.8831460674157303 0.2947761194029851 0.8786516853932584 0.2922885572139303 0.8786516853932584 0.27860696517412936 0.898876404494382 0.25497512437810943 0.9
0 0.40422885572139305 0.4280898876404494 0.40671641791044777 0.44269662921348313 0.4253731343283582 0.4696629213483146 0.4141791044776119 0.4752808988764045 0.3706467661691542 0.47415730337078654 0.3718905472636816 0.47752808988764045 0.3818407960199005 0.48314606741573035 0.39925373134328357 0.48089887640449436 0.4017412935323383 0.49550561797752807 0.417910447761194 0.49887640449438203 0.42786069651741293 0.5157303370786517 0.4427860696517413 0.5168539325842697 0.4502487562189055 0.501123595505618 0.4539800995024876 0.5056179775280899 0.48383084577114427 0.503370786516854 0.48383084577114427 0.48764044943820223 0.4701492537313433 0.4820224719101124 0.4614427860696517 0.48651685393258426 0.4564676616915423 0.4820224719101124 0.4626865671641791 0.4764044943820225 0.4564676616915423 0.45730337078651684 0.43283582089552236 0.44157303370786516 0.4216417910447761 0.4393258426966292 0.42661691542288555 0.4337078651685393 0.43159203980099503 0.43595505617977526 0.43905472636815923 0.4314606741573034 0.4564676616915423 0.43595505617977526 0.4577114427860697 0.42696629213483145 0.4228855721393035 0.41685393258426967 0.4166666666666667 0.41685393258426967 0.4079601990049751 0.41797752808988764 0.40422885572139305 0.4280898876404494