0 0.5235924136858475 0.2509765627266135 0.5319698926905132 0.2431640623640319 0.5298755225505444 0.2363281247280638 0.5194036734059098 0.23925781218274114 0.5173093048211509 0.24414062509064538 0.5047430870917574 0.24414062509064538 0.4963656080870918 0.2480468752719362 0.4837993903576983 0.2480468752719362 0.46704443234836707 0.2539062501812908 0.44400636702954904 0.25683593763596807 0.4502894758942457 0.2636718752719362 0.4858937604976672 0.2646484372733865 0.5047430870917574 0.2539062501812908 0.5235924136858475 0.2509765627266135
0 0.46913880248833595 0.23925781218274114 0.4858937604976672 0.23339843727338652 0.4858937604976672 0.2275390623640319 0.47542191135303263 0.22460937490935462 0.4628556936236392 0.22460937490935462 0.4565725847589424 0.2275390623640319 0.46076132348367027 0.23339843727338652 0.44819510575427685 0.23730468745467728 0.45238384447900465 0.24511718781725886 0.4586669548989113 0.2480468752719362 0.46913880248833595 0.24707031254532272 0.47332754121306375 0.24511718781725886 0.46913880248833595 0.23925781218274114
0 0.33719351477449455 0.24218749963741842 0.33509914463452567 0.23925781218274114 0.34975973250388803 0.24023437490935462 0.3560428413685848 0.23730468745467728 0.34975973250388803 0.23046874981870918 0.3330047744945568 0.234375 0.31624981804043545 0.23046874981870918 0.30368360031104197 0.2324218752719362 0.280645533437014 0.24707031254532272 0.2827399035769829 0.25 0.31624981804043545 0.2480468752719362 0.32462729704510107 0.2519531247280638 0.3392878833592535 0.2509765627266135 0.3476653623639191 0.2431640623640319 0.33719351477449455 0.24218749963741842
0 0.2680793157076205 0.3017578121827411 0.24085251010886471 0.2910156250906454 0.2282862923794712 0.2929687498187092 0.20524822550544322 0.30566406236403193 0.20524822550544322 0.3095703125453227 0.21781444479004666 0.3134765627266135 0.209436965785381 0.3251953125453227 0.22619192223950232 0.3251953125453227 0.27226805443234836 0.3095703125453227 0.2680793157076205 0.3017578121827411
0 0.3832696469673406 0.3398437498187092 0.42515704043545877 0.3417968752719362 0.4272514090202177 0.3330078121827411 0.4021189735614308 0.3310546874546773 0.41049645256609646 0.3271484372733865 0.40421334370139966 0.3203125003625816 0.34975973250388803 0.3242187498187092 0.3476653623639191 0.3154296874546773 0.3330047744945568 0.3125 0.3225329269051322 0.3173828121827411 0.32672166562986005 0.3232421878172589 0.3183441866251944 0.3251953125453227 0.31415544790046657 0.3310546874546773 0.3204385567651633 0.3339843749093546 0.3455709922239502 0.3320312501812908 0.3434766236391913 0.3447265627266135 0.36860905909797825 0.3447265627266135 0.37070342923794714 0.3417968752719362 0.3832696469673406 0.3398437498187092
0 0.5424417402799377 0.3085937498187092 0.5550079580093312 0.3105468752719362 0.5571023281493002 0.3076171878172589 0.5508192192846034 0.3046874996374184 0.5424417402799377 0.3066406250906454 0.5298755225505444 0.3027343749093546 0.5131205645412131 0.3027343749093546 0.5005543468118197 0.3066406250906454 0.47961065007776055 0.3046874996374184 0.4649500637636081 0.3154296874546773 0.4649500637636081 0.31933593763596807 0.47542191135303263 0.3222656250906454 0.4921768693623639 0.3222656250906454 0.4942712379471228 0.3173828121827411 0.5005543468118197 0.3164062501812908 0.5214980435458787 0.3242187498187092 0.5403473701399689 0.3232421878172589 0.536158631415241 0.3115234372733865 0.5424417402799377 0.3085937498187092
0 0.6241221570762052 0.3271484372733865 0.6157446780715397 0.3173828121827411 0.6010840902021773 0.3105468752719362 0.5885178724727839 0.3105468752719362 0.5780460248833593 0.31933593763596807 0.5780460248833593 0.3291015627266135 0.5968953514774495 0.3359374996374184 0.6324996360808709 0.33691406236403193 0.6366883748055988 0.3330078121827411 0.6241221570762052 0.3271484372733865
0 0.4272514090202177 0.4091796874546773 0.4335345178849145 0.40625 0.4586669548989113 0.4082031247280638 0.46913880248833595 0.4033203125453227 0.4628556936236392 0.39843749963741837 0.45238384447900465 0.39746093763596807 0.46076132348367027 0.3916015627266135 0.46076132348367027 0.3857421878172589 0.45447821461897353 0.38281250036258163 0.43772325816485225 0.390625 0.420968300155521 0.3886718752719362 0.4125908211508554 0.38085937490935456 0.39583586469673404 0.38085937490935456 0.38955275583203736 0.3857421878172589 0.4021189735614308 0.3916015627266135 0.4021189735614308 0.4013671878172589 0.3832696469673406 0.39648437490935456 0.36232595023328146 0.39648437490935456 0.3560428413685848 0.39941406236403193 0.3518541026438569 0.4052734372733865 0.35813721150855365 0.4082031247280638 0.4000246034214619 0.40625 0.4063077122861586 0.4169921878172589 0.418873931570762 0.4169921878172589 0.43144014930015556 0.41308593763596807 0.4272514090202177 0.4091796874546773
0 0.3183441866251944 0.3896484372733865 0.3330047744945568 0.38476562509064544 0.3455709922239502 0.38476562509064544 0.3518541026438569 0.38183593763596807 0.34975973250388803 0.3769531247280638 0.3204385567651633 0.375 0.3057779688958009 0.38183593763596807 0.3015892301710731 0.39746093763596807 0.3078723390357698 0.40039062509064544 0.3183441866251944 0.39941406236403193 0.3225329269051322 0.39746093763596807 0.3183441866251944 0.3896484372733865
0 0.3832696469673406 0.484375 0.397930234836703 0.4677734372733865 0.374892167962675 0.45898437490935456 0.35813721150855365 0.45703125018129076 0.3413822534992224 0.46093749963741837 0.32881603576982893 0.45898437490935456 0.32672166562986005 0.4677734372733865 0.33509914463452567 0.4736328121827411 0.32881603576982893 0.47656250036258163 0.31624981804043545 0.47656250036258163 0.3057779688958009 0.4814453125453227 0.32672166562986005 0.4873046874546773 0.35394847122861584 0.4824218752719362 0.3832696469673406 0.484375
0 0.3057779688958009 0.5029296874546773 0.2974004914463453 0.4990234372733865 0.2994948600311042 0.4824218752719362 0.29111738258164854 0.4824218752719362 0.2785511632970451 0.49023437490935456 0.26179620684292376 0.484375 0.25341872783825814 0.484375 0.2471356189735614 0.4892578121827411 0.2555130979782271 0.4990234372733865 0.2638905769828927 0.5009765627266135 0.2597018367029549 0.508789062364032 0.2764567947122862 0.508789062364032 0.2869286423017107 0.5019531247280639 0.3057779688958009 0.5029296874546773
0 0.3330047744945568 0.5664062501812908 0.3392878833592535 0.5595703125453227 0.3057779688958009 0.553710937635968 0.3057779688958009 0.5478515627266135 0.31415544790046657 0.5419921878172589 0.3078723390357698 0.5371093749093546 0.27017368584758944 0.5371093749093546 0.25132435769828926 0.5517578121827411 0.2597018367029549 0.5654296874546773 0.24085251010886471 0.5683593749093546 0.23875813996889578 0.5732421878172589 0.2743624245723173 0.5800781247280639 0.2974004914463453 0.5791015627266135 0.3204385567651633 0.5683593749093546 0.3330047744945568 0.5664062501812908
0 0.41468519129082426 0.6669921878172589 0.43144014930015556 0.663085937635968 0.42515704043545877 0.65625 0.41677956143079314 0.6542968752719361 0.40421334370139966 0.6582031247280639 0.39164712597200624 0.6582031247280639 0.3874583856920684 0.6542968752719361 0.3790809066874028 0.6542968752719361 0.37070342923794714 0.6582031247280639 0.34975973250388803 0.6542968752719361 0.3392878833592535 0.6591796874546773 0.3392878833592535 0.663085937635968 0.3560428413685848 0.6669921878172589 0.3518541026438569 0.6748046874546773 0.36232595023328146 0.6796874996374184 0.3790809066874028 0.671875 0.39583586469673404 0.6738281247280639 0.40421334370139966 0.6796874996374184 0.418873931570762 0.678710937635968 0.4230626702954899 0.6708984372733865 0.41468519129082426 0.6669921878172589
0 0.5068374556765163 0.7294921878172589 0.5194036734059098 0.7216796874546773 0.5194036734059098 0.7158203125453227 0.5131205645412131 0.7128906250906454 0.4879881290824261 0.7167968752719361 0.46704443234836707 0.7148437498187092 0.4565725847589424 0.7197265627266135 0.46076132348367027 0.7314453125453227 0.47542191135303263 0.7382812501812908 0.4963656080870918 0.7363281247280639 0.5047430870917574 0.7402343749093546 0.515214934681182 0.7392578121827411 0.5194036734059098 0.7333984372733865 0.5068374556765163 0.7294921878172589
0 0.6199334183514774 0.7705078121827412 0.6220277869362364 0.7578125003625815 0.6094615692068429 0.7539062501812909 0.5968953514774495 0.7539062501812909 0.5759516547433903 0.7617187498187091 0.559196698289269 0.7597656250906454 0.5529135894245724 0.7626953125453227 0.5675741757387247 0.7792968752719361 0.5968953514774495 0.7851562501812909 0.6157446780715397 0.7841796874546773 0.6241221570762052 0.7724609376359681 0.6199334183514774 0.7705078121827412
0 0.5068374556765163 0.7646484372733864 0.4921768693623639 0.7597656250906454 0.4502894758942457 0.7617187498187091 0.43981762674961117 0.7724609376359681 0.4837993903576983 0.7890625003625815 0.4942712379471228 0.7880859376359681 0.5026487169517885 0.7861328121827412 0.5068374556765163 0.7646484372733864
0 0.584329133748056 0.7460937498187091 0.5550079580093312 0.7480468752719361 0.5466304790046657 0.7441406250906454 0.5277811524105754 0.7451171878172588 0.5424417402799377 0.7558593749093546 0.559196698289269 0.7539062501812909 0.5717629160186625 0.7578125003625815 0.5780460248833593 0.7568359376359681 0.5864235023328149 0.7548828121827412 0.584329133748056 0.7460937498187091
0 0.6660095505443235 0.8154296874546773 0.6555377013996889 0.8105468752719361 0.6345940046656299 0.8105468752719361 0.6324996360808709 0.8154296874546773 0.6157446780715397 0.8212890623640319 0.5836188475894245 0.8300453821609862 0.5990613172628305 0.8489156925308194 0.6534433312597201 0.8447265627266136 0.6701982892690513 0.8369140623640319 0.6660095505443235 0.8154296874546773
0 0.6157446780715397 0.8134765627266136 0.6324996360808709 0.8017578121827412 0.6262165272161742 0.7949218752719361 0.5968953514774495 0.7929687498187091 0.561291066874028 0.8017578121827412 0.5675741757387247 0.8085937498187091 0.5801403934681182 0.8085937498187091 0.6136503079315708 0.8203125003625815 0.6241221570762052 0.8193359376359681 0.6324996360808709 0.8115234372733864 0.6157446780715397 0.8134765627266136
0 0.5235924136858475 0.9326171878172588 0.5550079580093312 0.9335937498187091 0.5654798071539658 0.9306640623640319 0.5654798071539658 0.9267578121827412 0.5508192192846034 0.9199218752719361 0.5382530015552099 0.921875 0.5319698926905132 0.9189453125453227 0.536158631415241 0.9130859376359681 0.5298755225505444 0.9101562501812909 0.4963656080870918 0.9160156250906454 0.47961065007776055 0.9140625003625815 0.47123317262830483 0.9199218752719361 0.4628556936236392 0.9199218752719361 0.45238384447900465 0.9248046874546773 0.4565725847589424 0.9462890623640319 0.47123317262830483 0.9511718752719361 0.4837993903576983 0.9453125003625815 0.4921768693623639 0.9453125003625815 0.5047430870917574 0.9511718752719361 0.5256867838258165 0.9550781247280639 0.5340642612752722 0.9628906250906454 0.5445361104199067 0.9638671878172588 0.561291066874028 0.9560546874546773 0.5235924136858475 0.9326171878172588
0 0.2678469704510109 0.8923670659898477 0.2937086236391913 0.8823159129804206 0.30208610264385694 0.8784096627991299 0.323029799377916 0.8784096627991299 0.3293129082426127 0.8735268506163887 0.3251241695178849 0.8676674757070341 0.31046358164852256 0.8647377875271935 0.2937086236391913 0.874503412617839 0.26857618818040435 0.8705971631617114 0.25182123172628307 0.8764565380710659 0.2396245272161742 0.8953465888324872 0.22790955054432346 0.918189596809282 0.23589703421461897 0.9243969361856418 0.25879448833592533 0.9234037614213197 0.2678469704510109 0.8923670659898477
0 0.5277811524105754 0.8115234372733864 0.5089318258164852 0.8046874996374185 0.4963656080870918 0.8066406250906454 0.47751628149300157 0.8154296874546773 0.47961065007776055 0.8203125003625815 0.5194036734059098 0.8232421878172588 0.5277811524105754 0.8212890623640319 0.5277811524105754 0.8115234372733864
0 0.5424417402799377 0.8671874996374185 0.5445361104199067 0.8642578121827412 0.5256867838258165 0.8632812501812909 0.5131205645412131 0.8554687498187091 0.5005543468118197 0.8554687498187091 0.48170502021772943 0.8642578121827412 0.48170502021772943 0.8701171878172588 0.4942712379471228 0.8701171878172588 0.5089318258164852 0.8652343749093546 0.5424417402799377 0.8671874996374185
0 0.35813721150855365 0.2871093749093546 0.374892167962675 0.2871093749093546 0.3811752768273717 0.2802734372733865 0.3665146889580093 0.2773437498187092 0.35394847122861584 0.28125 0.33719351477449455 0.2734374996374184 0.32462729704510107 0.2734374996374184 0.31415544790046657 0.2822265627266135 0.3015892301710731 0.2861328121827411 0.3078723390357698 0.2890625003625816 0.3392878833592535 0.28808593763596807 0.34975973250388803 0.2832031247280638 0.35813721150855365 0.2871093749093546
0 0.4230626702954899 0.3701171878172589 0.4230626702954899 0.3642578121827411 0.40421334370139966 0.3632812501812908 0.39164712597200624 0.3710937498187092 0.374892167962675 0.3671874996374184 0.3602315800933126 0.3701171878172589 0.3665146889580093 0.3769531247280638 0.38536401555209954 0.3759765627266135 0.41677956143079314 0.3730468752719362 0.4230626702954899 0.3701171878172589
0 0.3183441866251944 0.6142578121827411 0.3120610777604977 0.6054687498187092 0.29530612130637635 0.6054687498187092 0.2827399035769829 0.609375 0.2659849455676516 0.5976562501812908 0.24922998911353034 0.6074218752719361 0.23456940124416797 0.6103515627266135 0.23456940124416797 0.6142578121827411 0.2429468802488336 0.6201171878172589 0.2429468802488336 0.6298828121827411 0.2743624245723173 0.6386718752719361 0.2848342737169518 0.6376953125453227 0.3183441866251944 0.6220703125453227 0.3183441866251944 0.6142578121827411
0 0.3120610777604977 0.5859374996374184 0.29321175116640746 0.5927734372733865 0.29321175116640746 0.5986328121827411 0.3078723390357698 0.6054687498187092 0.3183441866251944 0.6064453125453227 0.3225329269051322 0.5888671878172589 0.3120610777604977 0.5859374996374184
0 0.5319698926905132 0.7509765627266136 0.5256867838258165 0.7441406250906454 0.4963656080870918 0.7382812501812908 0.47961065007776055 0.7382812501812908 0.47332754121306375 0.741210937635968 0.490082499222395 0.7587890623640319 0.5340642612752722 0.7792968752719361 0.561291066874028 0.7783203125453227 0.5529135894245724 0.7607421878172588 0.5319698926905132 0.7509765627266136
0 0.5235924136858475 0.709960937635968 0.5235924136858475 0.7041015627266135 0.5173093048211509 0.7011718752719361 0.5089318258164852 0.6992187498187092 0.4879881290824261 0.703125 0.47961065007776055 0.6992187498187092 0.47332754121306375 0.7001953125453227 0.47332754121306375 0.7060546874546773 0.4837993903576983 0.7109374996374184 0.4963656080870918 0.7148437498187092 0.5089318258164852 0.7148437498187092 0.5256867838258165 0.7226562501812908 0.5403473701399689 0.7216796874546773 0.5445361104199067 0.7158203125453227 0.5235924136858475 0.709960937635968
0 0.33509914463452567 0.7001953125453227 0.3413822534992224 0.6972656250906454 0.35394847122861584 0.6992187498187092 0.3644203203732504 0.694335937635968 0.36232595023328146 0.6855468752719361 0.3330047744945568 0.6894531247280639 0.33091040590979787 0.680664062364032 0.31624981804043545 0.6757812501812908 0.3057779688958009 0.680664062364032 0.3099667091757387 0.6845703125453227 0.2994948600311042 0.6894531247280639 0.2869286423017107 0.6914062501812908 0.27017368584758944 0.6855468752719361 0.2638905769828927 0.6884765627266135 0.2597018367029549 0.6923828121827411 0.280645533437014 0.6982421878172589 0.280645533437014 0.7060546874546773 0.2869286423017107 0.7089843749093546 0.3078723390357698 0.7089843749093546 0.32881603576982893 0.7167968752719361 0.33509914463452567 0.7158203125453227 0.3476653623639191 0.711914062364032 0.33509914463452567 0.7001953125453227
0 0.44610073561430796 0.6152343749093546 0.46076132348367027 0.6083984372733865 0.44191199688958005 0.6035156250906454 0.420968300155521 0.609375 0.418873931570762 0.6044921878172589 0.40421334370139966 0.5996093749093546 0.3832696469673406 0.6015625003625816 0.374892167962675 0.5976562501812908 0.36232595023328146 0.5976562501812908 0.3518541026438569 0.602539062364032 0.3560428413685848 0.618164062364032 0.3874583856920684 0.6269531247280639 0.41049645256609646 0.6259765627266135 0.42515704043545877 0.6152343749093546 0.44610073561430796 0.6152343749093546
0 0.5445361104199067 0.5361328121827411 0.5131205645412131 0.5273437498187092 0.47961065007776055 0.5292968752719361 0.46913880248833595 0.5439453125453227 0.47961065007776055 0.5488281247280639 0.4984599782270607 0.5478515627266135 0.5382530015552099 0.5429687498187092 0.5445361104199067 0.5361328121827411
0 0.48170502021772943 0.5302734372733865 0.44610073561430796 0.5292968752719361 0.4335345178849145 0.5214843749093546 0.4125908211508554 0.5214843749093546 0.4063077122861586 0.5263671878172589 0.41049645256609646 0.540039062364032 0.40421334370139966 0.5429687498187092 0.397930234836703 0.538085937635968 0.4000246034214619 0.53125 0.374892167962675 0.5273437498187092 0.3644203203732504 0.5322265627266135 0.40421334370139966 0.5507812501812908 0.4230626702954899 0.5498046874546773 0.47542191135303263 0.5371093749093546 0.48170502021772943 0.5302734372733865
0 0.33091040590979787 0.4267578121827411 0.3120610777604977 0.421875 0.30368360031104197 0.41601562509064544 0.2827399035769829 0.41406250036258163 0.2764567947122862 0.4189453125453227 0.280645533437014 0.4248046874546773 0.2659849455676516 0.42578125018129076 0.2471356189735614 0.4404296874546773 0.2869286423017107 0.44726562509064544 0.3099667091757387 0.44628906236403193 0.33091040590979787 0.4404296874546773 0.33091040590979787 0.4267578121827411
0 0.5403473701399689 0.35253906236403193 0.5277811524105754 0.35058593763596807 0.5256867838258165 0.34375 0.5047430870917574 0.3417968752719362 0.48170502021772943 0.3564453125453227 0.48170502021772943 0.3701171878172589 0.5277811524105754 0.3720703125453227 0.536158631415241 0.36816406236403193 0.5403473701399689 0.35253906236403193
0 0.5382530015552099 0.2167968752719362 0.5173093048211509 0.20898437490935462 0.4837993903576983 0.20898437490935462 0.47751628149300157 0.2119140623640319 0.4921768693623639 0.21875 0.5047430870917574 0.21875 0.5214980435458787 0.22460937490935462 0.5529135894245724 0.22363281218274114 0.5466304790046657 0.2167968752719362 0.5382530015552099 0.2167968752719362
0 0.2848342737169518 0.2763671878172589 0.27017368584758944 0.2695312501812908 0.2555130979782271 0.2763671878172589 0.2555130979782271 0.2802734372733865 0.27017368584758944 0.2871093749093546 0.2764567947122862 0.2861328121827411 0.2848342737169518 0.2822265627266135 0.2848342737169518 0.2763671878172589
0 0.2869286423017107 0.3476562501812908 0.2743624245723173 0.3476562501812908 0.2597018367029549 0.35253906236403193 0.26179620684292376 0.3574218752719362 0.29321175116640746 0.3564453125453227 0.2974004914463453 0.35058593763596807 0.2869286423017107 0.3476562501812908