0 0.3694656922005571 0.22460937455410224 0.35573941225626743 0.21875 0.3500201295264624 0.22363281212841857 0.3523078426183844 0.23925781212841857 0.3648902660167131 0.25 0.3706095487465181 0.24902343757431628 0.3774726894150418 0.23535156242568372 0.3694656922005571 0.22460937455410224
0 0.4518233704735376 0.5546875005945303 0.4701250766016713 0.5527343745541022 0.47126893314763235 0.538085936979786 0.48957063927576605 0.5302734375743163 0.48957063927576605 0.5205078121284186 0.4769882158774373 0.5136718751486326 0.4586865097493036 0.5214843745541022 0.43809709052924795 0.5039062497027348 0.4300900947075209 0.508789063020214 0.41979538440111425 0.5273437502972652 0.40149367827298055 0.5273437502972652 0.39806210863509756 0.5361328121284186 0.4117883871866295 0.5439453127229489 0.4117883871866295 0.5576171878715814 0.4175076713091922 0.5625 0.4300900947075209 0.5615234375743163 0.4358093774373259 0.546875 0.4518233704735376 0.5546875005945303
0 0.5273179080779944 0.5195312497027348 0.5124477715877437 0.5205078121284186 0.5170231977715877 0.49902343757431633 0.495289922005571 0.49023437455410224 0.4769882158774373 0.4921875005945303 0.47584435933147634 0.5166015624256837 0.49757763509749303 0.5253906254458978 0.49643377855153203 0.5341796872770511 0.5021530612813371 0.5390624994054697 0.5147354846796658 0.538085936979786 0.5307494777158774 0.5263671878715814 0.5273179080779944 0.5195312497027348
0 0.6325527186629526 0.6035156254458978 0.6645807033426184 0.6171875005945304 0.6805946963788301 0.6191406254458978 0.6920332632311977 0.6152343745541022 0.6977525459610028 0.600585936979786 0.6840262660167131 0.586914063020214 0.6954648328690808 0.5791015624256837 0.6954648328690808 0.571289063020214 0.6714438440111421 0.5507812497027348 0.6508544247910864 0.5527343745541022 0.6519982813370474 0.5439453127229489 0.6462789972144847 0.5390624994054697 0.6348404317548746 0.5390624994054697 0.6256895779944289 0.5253906254458978 0.6119632980501393 0.5253906254458978 0.5993808760445682 0.5341796872770511 0.5993808760445682 0.540039063020214 0.622258008356546 0.5595703127229489 0.624545721448468 0.571289063020214 0.616538725626741 0.5820312497027348 0.5959493064066852 0.5644531248513674 0.5616336072423398 0.5546875005945303 0.5559143231197772 0.5595703127229489 0.5696406030640668 0.5810546872770511 0.5902300222841225 0.5947265624256837 0.5879423091922006 0.6064453127229489 0.6096755849582173 0.6210937502972651 0.6199702952646239 0.6201171878715814 0.629121147632312 0.6142578121284186 0.6325527186629526 0.6035156254458978
0 0.17157849442896936 0.7490234375743163 0.16471535515320335 0.7373046872770512 0.16471535515320335 0.7236328121284186 0.15899607242339833 0.7207031248513673 0.11552951949860724 0.7207031248513673 0.09379624373259053 0.7353515624256837 0.09150853064066852 0.7548828121284186 0.06748754178272981 0.765625 0.05261740529247911 0.7802734375743163 0.05719283147632312 0.7958984375743163 0.0651998286908078 0.8007812497027349 0.10180324094707521 0.796875 0.10294709749303621 0.8193359369797859 0.10866638022284124 0.8242187502972651 0.11896108913649026 0.8232421878715814 0.16013992896935933 0.7880859369797859 0.17157849442896936 0.7490234375743163
0 0.6760192701949861 0.7910156254458978 0.6886016935933148 0.7841796872770512 0.6886016935933148 0.7763671878715814 0.677163126740947 0.7626953127229488 0.6908894066852368 0.7392578121284186 0.6886016935933148 0.7294921878715814 0.6714438440111421 0.7207031248513673 0.6462789972144847 0.7265624994054696 0.6474228537604456 0.7060546872770512 0.6417035710306407 0.703125 0.62683343454039 0.7080078121284186 0.6382720013927576 0.7353515624256837 0.6325527186629526 0.7402343745541022 0.5959493064066852 0.7265624994054696 0.5856545961002786 0.7119140630202141 0.5799353133704735 0.7109375005945304 0.5765037437325905 0.7197265624256837 0.5879423091922006 0.7275390630202141 0.5787914568245126 0.7412109369797859 0.5810791699164346 0.7568359369797859 0.5913738788300835 0.765625 0.6051001587743732 0.765625 0.6085317284122562 0.7822265624256837 0.614251012534819 0.7871093745541022 0.6211141518105849 0.7851562497027349 0.6417035710306407 0.8066406254458978 0.6565737075208914 0.8076171878715814 0.6577175640668524 0.7910156254458978 0.6760192701949861 0.7910156254458978
0 0.6426872576601671 0.8307197407847801 0.6148200598885795 0.8351806468489893 0.6142394930362117 0.8545112378121285 0.6039563022284122 0.8793871557669442 0.616538725626741 0.8881762187871581 0.6415261239554317 0.8862332318668251 0.6357204582172702 0.854015581450654 0.6426872576601671 0.8307197407847801
0 0.5985641935933148 0.8465807384066587 0.6084338259052925 0.8282414601664685 0.5625690626740947 0.7999890582639715 0.5677941629526462 0.7682670642092747 0.5608273635097493 0.7657887824019025 0.5352824317548747 0.7657887824019025 0.5193109108635098 0.8076171878715814 0.5170231977715877 0.8447265624256837 0.5021530612813371 0.8457031248513673 0.501009204735376 0.8544921878715814 0.5364687604456825 0.8691406254458978 0.5602467966573816 0.854015581450654 0.5834694610027855 0.85698951843044 0.5985641935933148 0.8465807384066587
0 0.3706095487465181 0.9580078121284186 0.3488762729805014 0.9414062497027349 0.3282868537604457 0.9433593745541022 0.3225675710306407 0.9521484375743163 0.32485528412256265 0.9638671878715814 0.34201313370473535 0.9726562497027349 0.35688327019498606 0.9716796872770512 0.3706095487465181 0.9638671878715814 0.3706095487465181 0.9580078121284186
0 0.5348189415041783 0.525564803804994 0.5264623955431755 0.535077288941736 0.5487465181058496 0.5457788347205708 0.5988857938718662 0.5326991676575505 0.6128133704735376 0.5208085612366231 0.6072423398328691 0.5041617122473246 0.5933147632311978 0.5041617122473246 0.5877437325905293 0.5041617122473246 0.5807799442896936 0.5148632580261593 0.5348189415041783 0.525564803804994
0 0.25487465181058494 0.6634958382877527 0.22284122562674094 0.6730083234244947 0.21727019498607242 0.6801426872770512 0.22284122562674094 0.6967895362663495 0.23119777158774374 0.7027348394768134 0.25069637883008355 0.7051129607609988 0.2757660167130919 0.6944114149821641 0.3286908077994429 0.718192627824019 0.35236768802228413 0.6967895362663495 0.35236768802228413 0.6837098692033293 0.3746518105849582 0.6718192627824019 0.3802228412256267 0.6504161712247325 0.37604456824512533 0.638525564803805 0.3579387186629526 0.6409036860879905 0.3412256267409471 0.6302021403091558 0.3342618384401114 0.6302021403091558 0.2841225626740947 0.6456599286563615 0.25487465181058494 0.6634958382877527