0 0.4033818493150685 0.279296875 0.4207191780821918 0.2783203125 0.4207191780821918 0.2724609375 0.411472602739726 0.2666015625 0.4160958904109589 0.2529296875 0.4056934931506849 0.2421875 0.36639554794520546 0.248046875 0.3629280821917808 0.2275390625 0.35483732876712326 0.22265625 0.3432791095890411 0.22265625 0.31438356164383563 0.2373046875 0.3120719178082192 0.2490234375 0.3247859589041096 0.259765625 0.347902397260274 0.26171875 0.3467465753424658 0.2724609375 0.3525256849315068 0.279296875 0.37217465753424656 0.2802734375 0.38488869863013697 0.271484375 0.4033818493150685 0.279296875
0 0.1872431506849315 0.3818359375 0.1733732876712329 0.3759765625 0.19417808219178082 0.3486328125 0.19417808219178082 0.3388671875 0.205736301369863 0.3212890625 0.205736301369863 0.3134765625 0.19071061643835616 0.30078125 0.17568493150684933 0.3056640625 0.17221746575342467 0.326171875 0.1444777397260274 0.32421875 0.14101027397260274 0.3408203125 0.12482876712328766 0.3525390625 0.13407534246575342 0.3798828125 0.1271404109589041 0.3955078125 0.17106164383561645 0.3974609375 0.1872431506849315 0.3876953125 0.1872431506849315 0.3818359375
0 0.3629280821917808 0.4169921875 0.38835616438356163 0.4052734375 0.37679794520547943 0.3935546875 0.39066780821917807 0.3876953125 0.39066780821917807 0.3740234375 0.38257705479452053 0.369140625 0.3317208904109589 0.3671875 0.3201626712328767 0.3828125 0.31091609589041097 0.3671875 0.3016695205479452 0.36328125 0.2877996575342466 0.3671875 0.27508561643835616 0.3876953125 0.2831763698630137 0.39453125 0.2958904109589041 0.3955078125 0.29126712328767124 0.4111328125 0.29820205479452055 0.4248046875 0.29126712328767124 0.4306640625 0.29126712328767124 0.4404296875 0.32709760273972605 0.443359375 0.3432791095890411 0.435546875 0.3571489726027397 0.443359375 0.36523972602739724 0.4423828125 0.37679794520547943 0.4306640625 0.3629280821917808 0.4169921875
0 0.23116438356164384 0.4501953125 0.22076198630136987 0.439453125 0.18839897260273972 0.443359375 0.1675941780821918 0.4296875 0.14563356164383562 0.4365234375 0.13407534246575342 0.4521484375 0.13985445205479452 0.462890625 0.1629708904109589 0.466796875 0.1675941780821918 0.478515625 0.19071061643835616 0.478515625 0.20226883561643835 0.48828125 0.21960616438356165 0.4892578125 0.23347602739726028 0.4775390625 0.23116438356164384 0.4501953125
0 0.6357020547945206 0.5341796875 0.6333904109589041 0.5244140625 0.6206763698630137 0.521484375 0.6091181506849315 0.505859375 0.5721318493150684 0.5 0.5582619863013699 0.505859375 0.5443921232876713 0.49609375 0.5293664383561644 0.5009765625 0.5293664383561644 0.5166015625 0.5467037671232877 0.533203125 0.5675085616438356 0.548828125 0.5917808219178082 0.5498046875 0.6252996575342465 0.546875 0.6357020547945206 0.5341796875
0 0.695804794520548 0.6591796875 0.6865582191780822 0.6376953125 0.6773116438356165 0.6318359375 0.6819349315068494 0.6240234375 0.6634417808219178 0.6162109375 0.6657534246575343 0.6064453125 0.6599743150684931 0.6015625 0.6391695205479452 0.6015625 0.6310787671232877 0.6123046875 0.6310787671232877 0.6220703125 0.6137414383561643 0.623046875 0.6079623287671233 0.6376953125 0.6414811643835616 0.662109375 0.6530393835616438 0.658203125 0.6669092465753425 0.671875 0.6888698630136987 0.6748046875 0.695804794520548 0.6708984375 0.695804794520548 0.6591796875
0 0.46986301369863015 0.5983796296296297 0.4767123287671233 0.6145833333333334 0.4684931506849315 0.6226851851851852 0.4684931506849315 0.6307870370370371 0.4767123287671233 0.6377314814814815 0.4945205479452055 0.6319444444444444 0.4986301369863014 0.6365740740740741 0.4958904109589041 0.6516203703703703 0.5164383561643836 0.6539351851851852 0.5246575342465754 0.6412037037037037 0.5589041095890411 0.6354166666666666 0.5671232876712329 0.6296296296296297 0.5684931506849316 0.6226851851851852 0.563013698630137 0.6180555555555556 0.541095890410959 0.6180555555555556 0.5424657534246575 0.6018518518518519 0.5342465753424658 0.59375 0.5178082191780822 0.6006944444444444 0.4986301369863014 0.6006944444444444 0.4904109589041096 0.5902777777777778 0.48356164383561645 0.5902777777777778 0.4767123287671233 0.5902777777777778 0.46986301369863015 0.5983796296296297
0 0.42191780821917807 0.3611111111111111 0.40273972602739727 0.3611111111111111 0.3904109589041096 0.3715277777777778 0.4041095890410959 0.3773148148148148 0.40273972602739727 0.38425925925925924 0.4438356164383562 0.3888888888888889 0.4575342465753425 0.3819444444444444 0.4589041095890411 0.3715277777777778 0.4438356164383562 0.36226851851851855 0.43424657534246575 0.3414351851851852 0.4301369863013699 0.3414351851851852 0.4232876712328767 0.3472222222222222 0.42191780821917807 0.3611111111111111
0 0.42191780821917807 0.9351851851851852 0.44246575342465755 0.9444444444444444 0.46164383561643835 0.9409722222222222 0.426027397260274 0.9189814814814815 0.42191780821917807 0.9189814814814815 0.4178082191780822 0.9259259259259259 0.42191780821917807 0.9351851851851852
0 0.547945205479452 0.9212962962962963 0.5506849315068493 0.90625 0.5465753424657535 0.8993055555555556 0.5219178082191781 0.8923611111111112 0.5164383561643836 0.8923611111111112 0.5164383561643836 0.9131944444444444 0.547945205479452 0.9212962962962963
0 0.5794520547945206 0.5833333333333334 0.5698630136986301 0.5914351851851852 0.5684931506849316 0.5914351851851852 0.5684931506849316 0.59375 0.5671232876712329 0.5949074074074074 0.5698630136986301 0.5960648148148148 0.5767123287671233 0.6030092592592593 0.5767123287671233 0.6076388888888888 0.5739726027397261 0.6099537037037037 0.5739726027397261 0.6122685185185185 0.5726027397260274 0.6134259259259259 0.5739726027397261 0.6180555555555556 0.5767123287671233 0.6203703703703703 0.5794520547945206 0.6215277777777778 0.5931506849315068 0.6215277777777778 0.5986301369863014 0.6238425925925926 0.6041095890410959 0.6238425925925926 0.6068493150684932 0.6226851851851852 0.6068493150684932 0.6157407407407407 0.6082191780821918 0.6145833333333334 0.6068493150684932 0.6134259259259259 0.6054794520547945 0.5972222222222222 0.6027397260273972 0.5914351851851852 0.5986301369863014 0.5879629629629629 0.5958904109589042 0.5833333333333334 0.5945205479452055 0.5821759259259259 0.5931506849315068 0.5833333333333334 0.5794520547945206 0.5833333333333334