0 0.46394984326018807 0.26416666666666666 0.445141065830721 0.27 0.45141065830721006 0.2866666666666667 0.4702194357366771 0.29 0.5454545454545454 0.2758333333333333 0.5391849529780565 0.265 0.5015673981191222 0.2575 0.49216300940438873 0.2575 0.4827586206896552 0.2625 0.46394984326018807 0.26416666666666666
0 0.6802507836990596 0.3308333333333333 0.6896551724137931 0.33416666666666667 0.7084639498432602 0.3308333333333333 0.7492163009404389 0.335 0.774294670846395 0.32916666666666666 0.774294670846395 0.32416666666666666 0.7586206896551724 0.3175 0.7617554858934169 0.305 0.7586206896551724 0.30833333333333335 0.7554858934169278 0.305 0.7335423197492164 0.30833333333333335 0.7178683385579937 0.30833333333333335 0.7053291536050157 0.305 0.7053291536050157 0.30416666666666664 0.6802507836990596 0.32166666666666666 0.6802507836990596 0.3308333333333333
0 0.47648902821316613 0.33416666666666667 0.45768025078369906 0.3375 0.43573667711598746 0.36083333333333334 0.46394984326018807 0.365 0.48589341692789967 0.3641666666666667 0.49843260188087773 0.35833333333333334 0.5235109717868338 0.36 0.5235109717868338 0.34833333333333333 0.5391849529780565 0.3416666666666667 0.5329153605015674 0.3333333333333333 0.5172413793103449 0.3325 0.5078369905956113 0.3325 0.4952978056426332 0.3358333333333333 0.47648902821316613 0.33416666666666667
0 0.4670846394984326 0.31166666666666665 0.45454545454545453 0.315 0.445141065830721 0.3258333333333333 0.4702194357366771 0.33416666666666667 0.4952978056426332 0.3333333333333333 0.5235109717868338 0.3233333333333333 0.5172413793103449 0.30916666666666665 0.5141065830721003 0.30916666666666665 0.49216300940438873 0.31333333333333335 0.4670846394984326 0.31166666666666665
0 0.5736677115987461 0.3225 0.5611285266457681 0.3258333333333333 0.5611285266457681 0.3308333333333333 0.6018808777429467 0.33666666666666667 0.6300940438871473 0.3325 0.664576802507837 0.33166666666666667 0.658307210031348 0.32416666666666666 0.6489028213166145 0.325 0.6332288401253918 0.32083333333333336 0.6269592476489029 0.31083333333333335 0.6144200626959248 0.31083333333333335 0.6112852664576802 0.31 0.5768025078369906 0.3125 0.5736677115987461 0.3225
0 0.6144200626959248 0.27416666666666667 0.6551724137931034 0.285 0.677115987460815 0.2808333333333333 0.6802507836990596 0.275 0.6614420062695925 0.2733333333333333 0.6426332288401254 0.2658333333333333 0.6394984326018809 0.2658333333333333 0.6175548589341693 0.26916666666666667 0.6144200626959248 0.27416666666666667
0 0.5924764890282131 0.4691666666666667 0.5736677115987461 0.47333333333333333 0.5862068965517241 0.49583333333333335 0.5705329153605015 0.5208333333333334 0.5924764890282131 0.525 0.6144200626959248 0.5391666666666667 0.6363636363636364 0.5325 0.658307210031348 0.5375 0.6990595611285266 0.54 0.7084639498432602 0.5325 0.7429467084639498 0.5283333333333333 0.7460815047021944 0.5125 0.7210031347962382 0.5058333333333334 0.7335423197492164 0.49666666666666665 0.7178683385579937 0.4875 0.7053291536050157 0.4841666666666667 0.670846394984326 0.48333333333333334 0.6520376175548589 0.4741666666666667 0.6520376175548589 0.465 0.64576802507837 0.465 0.6081504702194357 0.4708333333333333 0.5924764890282131 0.4691666666666667
0 0.42946708463949845 0.5983333333333334 0.39184952978056425 0.6091666666666666 0.3949843260188088 0.6158333333333333 0.4231974921630094 0.6158333333333333 0.45141065830721006 0.6108333333333333 0.46394984326018807 0.63 0.49843260188087773 0.625 0.5235109717868338 0.63 0.5329153605015674 0.6266666666666667 0.5297805642633229 0.5941666666666666 0.5109717868338558 0.5858333333333333 0.49216300940438873 0.5858333333333333 0.438871473354232 0.5883333333333334 0.42946708463949845 0.5983333333333334
0 0.5924764890282131 0.7008333333333333 0.5893416927899686 0.7133333333333334 0.6018808777429467 0.7183333333333334 0.6238244514106583 0.7116666666666667 0.6332288401253918 0.7133333333333334 0.6551724137931034 0.71 0.6551724137931034 0.7008333333333333 0.670846394984326 0.6975 0.664576802507837 0.6908333333333333 0.6332288401253918 0.6908333333333333 0.6300940438871473 0.69 0.6081504702194357 0.6925 0.5924764890282131 0.7008333333333333
0 0.25391849529780564 0.6666666666666666 0.2727272727272727 0.67 0.3166144200626959 0.6708333333333333 0.3322884012539185 0.6658333333333334 0.335423197492163 0.6541666666666667 0.2884012539184953 0.6541666666666667 0.2664576802507837 0.6483333333333333 0.26332288401253917 0.6483333333333333 0.2476489028213166 0.6541666666666667 0.25391849529780564 0.6666666666666666
0 0.21316614420062696 0.6316666666666667 0.21003134796238246 0.6383333333333333 0.19122257053291536 0.6458333333333334 0.1974921630094044 0.6491666666666667 0.23197492163009403 0.6491666666666667 0.23824451410658307 0.6441666666666667 0.25391849529780564 0.6425 0.26959247648902823 0.6341666666666667 0.26959247648902823 0.6258333333333334 0.25391849529780564 0.62 0.2507836990595611 0.62 0.23510971786833856 0.6283333333333333 0.21316614420062696 0.6316666666666667
0 0.5893416927899686 0.5625 0.6144200626959248 0.58 0.6332288401253918 0.5808333333333333 0.6489028213166145 0.5766666666666667 0.6489028213166145 0.5725 0.664576802507837 0.57 0.670846394984326 0.56 0.6614420062695925 0.55 0.6269592476489029 0.5491666666666667 0.6175548589341693 0.5433333333333333 0.6144200626959248 0.5425 0.5956112852664577 0.5475 0.5893416927899686 0.5625
0 0.3824451410658307 0.4058333333333333 0.3793103448275862 0.4191666666666667 0.3981191222570533 0.4225 0.40752351097178685 0.43 0.445141065830721 0.42833333333333334 0.45768025078369906 0.4241666666666667 0.48589341692789967 0.42833333333333334 0.5141065830721003 0.4225 0.5172413793103449 0.4166666666666667 0.5391849529780565 0.4116666666666667 0.5517241379310345 0.4041666666666667 0.5015673981191222 0.3958333333333333 0.4827586206896552 0.3958333333333333 0.41379310344827586 0.3983333333333333 0.3824451410658307 0.4058333333333333